{"bundle_id": "spp_bcd2436daf", "scene_id": "bcd2436daf", "dataset": "scannetpp", "split": "val", "video_duration_s": 91.866667, "fps": 0.98, "num_frames": 90, "image_width": 1920, "image_height": 1440, "intrinsics_color": [[1443.16, 0, 961.824], [0, 1444.84, 728.422], [0, 0, 1]], "vsi": {"question_id": 1735, "question_type": "object_abs_distance", "question": "Measuring from the closest point of each object, what is the distance between the chair and the heater (in meters)?", "ground_truth": "1.2", "prediction": "1.2", "prior_prediction": "0.8", "options": null, "objects": []}, "gt": {"poses": [[0.11944231615953971, -0.04633202664827124, -0.9917594851661914, 3.824999, 0.9928410544910611, 0.005154673263147169, 0.11933176383775035, 0.919816, -0.00041668636045710805, -0.9989127953180971, 0.046616024307773535, 1.483515, 0.0, 0.0, 0.0, 1.0], [0.28774335956718733, -0.11013273469738877, -0.9513540559502878, 3.819007, 0.9577067427608126, 0.034382332905350865, 0.2856845289028799, 0.972041, 0.0012465534337292028, -0.9933220202593217, 0.11536815059832006, 1.488635, 0.0, 0.0, 0.0, 1.0], [0.5987221315538824, -0.10345002377377183, -0.7942480102391075, 3.844945, 0.8004149142066297, 0.04080700028640688, 0.5980558116457183, 1.067804, -0.029458009151486664, -0.9937972033110333, 0.1072349960973547, 1.49366, 0.0, 0.0, 0.0, 1.0], [0.8344455392328161, -0.0397249876943237, -0.5496567723653929, 3.869616, 0.5486309612638305, -0.03424326482121404, 0.8353630750500708, 1.139439, -0.05200683029353839, -0.9986237150033394, -0.006779781393899398, 1.447814, 0.0, 0.0, 0.0, 1.0], [0.8350804987611622, 0.12641578665909245, -0.5354060230069987, 3.873031, 0.5490749969451564, -0.25171018998437894, 0.7969683983620078, 1.130714, -0.034017764748502266, -0.9595108280480166, -0.2796100186690828, 1.364257, 0.0, 0.0, 0.0, 1.0], [0.7480151980300356, 0.33033882727068387, -0.5756296749764699, 3.85076, 0.6635003859574604, -0.39247978499183334, 0.6369669192407608, 1.119119, -0.015508105957470542, -0.8583914477499144, -0.5127607834842856, 1.28409, 0.0, 0.0, 0.0, 1.0], [0.5026699956121161, 0.5515788838075553, -0.665645258714375, 3.790661, 0.864382153597695, -0.30920332399819384, 0.3965309533570859, 1.025276, 0.012898374049724715, -0.7746960948437006, -0.632202176982011, 1.220176, 0.0, 0.0, 0.0, 1.0], [0.09801375730382411, 0.5883881432245406, -0.8026161575074133, 3.699634, 0.9948232706966247, -0.0361832869079972, 0.09496014863617319, 0.871721, 0.026832134832279364, -0.8077686318874431, -0.5888886769832065, 1.198398, 0.0, 0.0, 0.0, 1.0], [0.017005036495136433, 0.5491969677878311, -0.835519909581125, 3.388295, 0.9990189526235863, 0.024841322726670972, 0.036661164521357925, 0.773027, 0.04088962010916425, -0.8353236494065288, -0.5482357519438941, 1.166236, 0.0, 0.0, 0.0, 1.0], [0.09460605549664466, 0.5501402645489978, -0.8296959585205443, 2.939826, 0.9951406755326538, -0.02941476940336399, 0.09396705402086852, 0.747505, 0.027289744663145654, -0.8345540489764016, -0.5502497698075979, 1.143734, 0.0, 0.0, 0.0, 1.0], [0.2954149600722993, 0.5437552348582921, -0.7855318236263162, 2.416288, 0.9553129991929397, -0.1770333546426197, 0.23671980254505903, 0.659168, -0.010347702086604349, -0.8203593334071264, -0.5717547456325509, 1.16058, 0.0, 0.0, 0.0, 1.0], [0.5288647401179492, 0.5012781421565025, -0.6848520357391803, 1.945341, 0.8474905878878503, -0.2687480533375406, 0.4577490439845708, 0.599417, 0.0454069389133443, -0.8224929835709285, -0.5669598767771067, 1.174637, 0.0, 0.0, 0.0, 1.0], [0.6726909592688037, 0.43976682658206323, -0.5950563095673875, 1.536738, 0.7395811679802017, -0.3751600711772358, 0.5588153692977067, 0.634118, 0.022507094149571638, -0.816002487270862, -0.5776100514020766, 1.186215, 0.0, 0.0, 0.0, 1.0], [0.9641130069567798, 0.11895194490245015, -0.23735320646808378, 1.246852, 0.26539588365173655, -0.4558870705158426, 0.8495481174584505, 0.736762, -0.0071508571143788086, -0.8820529540455084, -0.471096010917225, 1.211067, 0.0, 0.0, 0.0, 1.0], [0.9961335278436408, 0.076381224987223, -0.04340395345165779, 1.117137, 0.084302873743928, -0.6920664667328275, 0.7168940166457352, 0.945754, 0.024718822469886964, -0.7177812438991364, -0.6958297677753594, 1.135267, 0.0, 0.0, 0.0, 1.0], [0.9690749063019821, 0.21261077260336037, -0.12526166751567383, 0.95604, 0.23835032861894062, -0.6750229424121204, 0.6982357396069945, 1.047906, 0.06389794067924298, -0.7064988935520606, -0.7048236421876515, 0.974642, 0.0, 0.0, 0.0, 1.0], [0.8208008348529452, 0.4414911460590226, -0.36245214505669465, 1.045509, 0.5710877745479258, -0.6208910150022053, 0.5369851964918854, 1.347164, 0.012030929581954203, -0.6477498864847621, -0.7617580595519631, 0.938118, 0.0, 0.0, 0.0, 1.0], [0.7515428066172256, 0.506264014767244, -0.42294226222222764, 0.966341, 0.6573796016947376, -0.5211989643697417, 0.5442459910882002, 1.594946, 0.05509509141086913, -0.6870577755121187, -0.7245109688684965, 0.938712, 0.0, 0.0, 0.0, 1.0], [0.7055260768865694, 0.4969603004083646, -0.5052359989659038, 0.960724, 0.7085050272850398, -0.47860148963703514, 0.518614732175086, 1.916264, 0.015924231374597225, -0.7238584626397893, -0.6897647025760953, 0.962129, 0.0, 0.0, 0.0, 1.0], [0.7382271633856831, 0.46935201026302403, -0.48448874672337516, 0.887743, 0.6738785073115666, -0.4810521251185226, 0.560782141568799, 2.135614, 0.030139884257630284, -0.7404711630988825, -0.6714119778466313, 0.980108, 0.0, 0.0, 0.0, 1.0], [0.8160122715803717, 0.29777794288437504, -0.49543139723052637, 0.817216, 0.5767507847247153, -0.36234810056060707, 0.7321628140922928, 2.479126, 0.03850331089226927, -0.8831942882240974, -0.4674241588735686, 1.055874, 0.0, 0.0, 0.0, 1.0], [0.9484026340777016, -0.08364679920757341, 0.30583599633922337, 0.934337, -0.31681198386121157, -0.28879182190649205, 0.9034541773005716, 2.5178, 0.012751884425487192, -0.9537308302567645, -0.3003912329968073, 1.287194, 0.0, 0.0, 0.0, 1.0], [0.6883991453975199, -0.034209773787730546, 0.7245248843161683, 1.054104, -0.7244976910057441, -0.08032886413685081, 0.6845804330491992, 2.412424, 0.034780919241881314, -0.9961811908302004, -0.08008322354160113, 1.410328, 0.0, 0.0, 0.0, 1.0], [0.19081990915280644, -0.10181029883019377, 0.9763311043508864, 1.145722, -0.9815112003616603, -0.034937299293994084, 0.1881891300863437, 2.260993, 0.01495078043205783, -0.9941901468884857, -0.10659468089132729, 1.403525, 0.0, 0.0, 0.0, 1.0], [0.16327738437501937, -0.39657474501449885, 0.903365356524334, 1.15542, -0.9823273269195932, -0.1502778773146148, 0.11157769659219502, 2.285911, 0.09150693164268225, -0.9056185903604774, -0.41410318793127243, 1.290928, 0.0, 0.0, 0.0, 1.0], [0.15374777198250963, -0.2656597984357447, 0.951728161874752, 1.189052, -0.9869237511560576, -0.08847108757168234, 0.13473817598565085, 2.343512, 0.048405908879709525, -0.9599988219570706, -0.275788197402583, 1.334017, 0.0, 0.0, 0.0, 1.0], [-0.5223908005763735, -0.15466474958730947, 0.8385622616766572, 1.288403, -0.8514487003076185, 0.04122405332729384, -0.5228151567922793, 2.313706, 0.04629213991211323, -0.987106576141788, -0.1532241662401661, 1.369599, 0.0, 0.0, 0.0, 1.0], [-0.767793995422581, -0.4026273540787656, 0.4983809730924347, 1.230065, -0.6225528231857588, 0.28502485729630056, -0.7288270117570184, 2.245147, 0.15139472558999914, -0.8698574851495824, -0.4694971699518251, 1.246006, 0.0, 0.0, 0.0, 1.0], [-0.769395245809771, -0.43827903257865686, 0.4646960784504631, 1.116774, -0.6321679859560637, 0.4180978186315105, -0.6523479528501847, 2.143266, 0.09162201295309028, -0.7956793975323789, -0.5987484472505418, 1.209365, 0.0, 0.0, 0.0, 1.0], [-0.9291513786527406, -0.24895533631154576, 0.2733110975970735, 1.037287, -0.36802569086168235, 0.5525887605226734, -0.7477986043112125, 2.037843, 0.0351398123713442, -0.7954036096636857, -0.60506056830741, 1.215292, 0.0, 0.0, 0.0, 1.0], [-0.5813850378659343, -0.07737288178455881, 0.8099412786801143, 1.105298, -0.8112548423286426, 0.1311109886021474, -0.5698030269014869, 2.124519, -0.062104899516504664, -0.9883437387023404, -0.1389950920857446, 1.428549, 0.0, 0.0, 0.0, 1.0], [-0.21360406091046058, -0.2627641436096441, 0.9409188647251423, 1.14185, -0.9766656740333599, 0.07942804029532691, -0.1995378349582017, 2.192515, -0.022303953181507408, -0.961585249079838, -0.27359887138755323, 1.395362, 0.0, 0.0, 0.0, 1.0], [-0.3584663961276232, 0.1798522103493953, 0.916054051505538, 1.09805, -0.9317849099404159, -0.008743172095405954, -0.3629055504522369, 2.174884, -0.05726014717589206, -0.9836547866879655, 0.1707177090147598, 1.495322, 0.0, 0.0, 0.0, 1.0], [0.258993090818089, -0.018436928359137406, 0.9657031938339923, 1.136801, -0.9644363006002461, 0.04969305212607439, 0.25960204670785486, 2.342374, -0.05277500348654718, -0.9985943521986671, -0.00491108581880173, 1.459644, 0.0, 0.0, 0.0, 1.0], [-0.5449101322593931, 0.20968795039398175, 0.8118521486210541, 1.011162, -0.8366063064987639, -0.07102210142989726, -0.5431811383277022, 2.191445, -0.056239093943161234, -0.9751855334079013, 0.21412692437991035, 1.364015, 0.0, 0.0, 0.0, 1.0], [-0.4866514543604704, -0.14334860014088946, 0.8617549192238396, 1.109854, -0.869298653872651, 0.17718773254709747, -0.4614372739712463, 2.042465, -0.086546012871973, -0.9736815117236568, -0.21084141287588315, 1.403604, 0.0, 0.0, 0.0, 1.0], [-0.5558693630981749, -0.25464200749885674, 0.7913069563612984, 1.226187, -0.8310803677160634, 0.19055393656801728, -0.5224888703650686, 1.776783, -0.017739040722730748, -0.9480752318647422, -0.31755106858402005, 1.32935, 0.0, 0.0, 0.0, 1.0], [-0.09674100593909407, -0.26811705099603034, 0.9585167837524204, 1.176215, -0.9952542230407634, 0.015901065034724327, -0.09600097734027419, 1.53341, 0.010498061221889066, -0.963255108004081, -0.26838291229999717, 1.38223, 0.0, 0.0, 0.0, 1.0], [-0.25499980794933697, 0.02876296083613694, 0.9665132125479404, 1.155565, -0.9668485521901243, 0.006244836422781064, -0.25527412549240736, 1.366617, -0.013378156586835721, -0.9995667531996009, 0.026216994952636075, 1.440376, 0.0, 0.0, 0.0, 1.0], [0.2723200009600657, 0.3282618045840048, 0.9044810693034779, 1.324139, -0.9605302986418357, 0.1482062870494032, 0.2354069707337832, 1.236775, -0.05677466396321679, -0.9328874981101865, 0.3556649454213632, 1.521167, 0.0, 0.0, 0.0, 1.0], [0.5732142005292252, 0.2641520956441362, 0.7756604609482506, 1.404057, -0.8191050298855415, 0.21035527535540566, 0.5336830596396686, 0.939403, -0.02219077123147717, -0.941262093413393, 0.3369469411868724, 1.520463, 0.0, 0.0, 0.0, 1.0], [0.8426446052316787, 0.145220990794233, 0.5185180161833243, 1.886474, -0.5374150412236316, 0.2870603056518834, 0.7929574101965691, 0.870638, -0.03369187944521851, -0.946840664922979, 0.31993376268793566, 1.486498, 0.0, 0.0, 0.0, 1.0], [0.8571044669467525, 0.05826484916750713, 0.5118370249321665, 2.613811, -0.5138751181217873, 0.16636067341642297, 0.8415797581428356, 0.916203, -0.036115034476554286, -0.9843420816423131, 0.17252933255778674, 1.478747, 0.0, 0.0, 0.0, 1.0], [0.9399760011478346, -0.003361839172572184, 0.341223995790894, 3.133028, -0.3397401163269097, 0.08444905463886826, 0.9367203480915633, 1.042447, -0.03196514702459782, -0.9964221270164466, 0.07823793304859633, 1.399628, 0.0, 0.0, 0.0, 1.0], [0.9587886143696374, -0.08546343877689594, 0.2709619781216164, 3.38155, -0.28334476277065557, -0.35803674173512356, 0.88967715322927, 1.092105, 0.020979474864554565, -0.9297879823917519, -0.3674971692874427, 1.196915, 0.0, 0.0, 0.0, 1.0], [0.9611791644870429, -0.08269989836318761, 0.26324008161127094, 3.53825, -0.26444710117814074, -0.5483998369361704, 0.7933002896298854, 1.048773, 0.07875496450680636, -0.8321167860697801, -0.5489802454610107, 1.017742, 0.0, 0.0, 0.0, 1.0], [0.9779689789723327, -0.06454606590743357, 0.19852073328417533, 3.445426, -0.20228023019578012, -0.5279500217718225, 0.8248342154536722, 1.337991, 0.0515692218261595, -0.8468190951360307, -0.5293751368105974, 0.994946, 0.0, 0.0, 0.0, 1.0], [0.9733394358782521, -0.12118531331526297, 0.1947420406611981, 3.415954, -0.22839301657552727, -0.43380802290768744, 0.8715774373172211, 1.545745, -0.021141725183558585, -0.8928184132832415, -0.4499203355691516, 1.044154, 0.0, 0.0, 0.0, 1.0], [0.9910297978491731, -0.046786958743784385, 0.1251835463091454, 3.394127, -0.13364038050471483, -0.34999481152660494, 0.9271698229574834, 1.757335, 0.00043413544150772143, -0.9355824989790924, -0.3531079142846485, 1.129447, 0.0, 0.0, 0.0, 1.0], [0.9908859200574712, 0.01654604429449353, 0.13368366336266937, 3.317101, -0.1341452869687065, 0.030935183476690442, 0.990478700632854, 2.026551, 0.012252975799463307, -0.9993844319587274, 0.032872811601528884, 1.464497, 0.0, 0.0, 0.0, 1.0], [0.9894645478905919, -0.005025215708150052, 0.14468813245996787, 3.436399, -0.1441017958474819, -0.13047771066440478, 0.9809231567525086, 2.093523, 0.013949225827883924, -0.9914385075368329, -0.12982721160042016, 1.749562, 0.0, 0.0, 0.0, 1.0], [0.9938410105020914, 0.04957306663231516, 0.09910881347715873, 3.41698, -0.09302215754337244, -0.11284420844468762, 0.9892487365806785, 2.164382, 0.06022394914116973, -0.9923752796624675, -0.10753780853579781, 1.659, 0.0, 0.0, 0.0, 1.0], [0.984652073632651, 0.09953293131719482, -0.14336488229105243, 3.272298, 0.17079809433636844, -0.3806046387927109, 0.9088278824400885, 2.379791, 0.03589296396211543, -0.9193657077098737, -0.3917631818141383, 1.258794, 0.0, 0.0, 0.0, 1.0], [0.894302393457147, 0.255447042983292, -0.3673826850681865, 3.325889, 0.44619007934033494, -0.4471974057899512, 0.7751960354342657, 2.581447, 0.033728951289414805, -0.8571821792861947, -0.5139076467217494, 1.119342, 0.0, 0.0, 0.0, 1.0], [0.8471803320552512, 0.2774739295590364, -0.45309348195910015, 3.339423, 0.5311267665297622, -0.4201750994716481, 0.7357698306261478, 2.745202, 0.01377834730270358, -0.8639798054347438, -0.503337911294737, 1.055043, 0.0, 0.0, 0.0, 1.0], [0.7719531529074322, 0.33323818745566547, -0.5413322825562299, 3.27562, 0.6347617734775198, -0.35835114722529565, 0.6845888884681, 2.830743, 0.03414411586128546, -0.8720875906143704, -0.48815716080835464, 1.079477, 0.0, 0.0, 0.0, 1.0], [0.5437279847086938, 0.43812893558305355, -0.7158232424624695, 3.295192, 0.8378663514295448, -0.23421714968995516, 0.4930743391551178, 2.887868, 0.04837205584596804, -0.8678625251708787, -0.4944439114978169, 1.090392, 0.0, 0.0, 0.0, 1.0], [0.3219941331825301, 0.51551701744128, -0.7940793303722734, 3.27592, 0.9466467887484866, -0.1634397383427945, 0.27775404458372377, 3.092998, 0.013402818666587768, -0.8411478209321391, -0.540639165981253, 1.051706, 0.0, 0.0, 0.0, 1.0], [0.3210820965336654, 0.5655997836347306, -0.7596072485422267, 3.267772, 0.9451404814608024, -0.1404440882752608, 0.2949320741672119, 3.132817, 0.06013116986712491, -0.8126329693169463, -0.5796653341278348, 1.132094, 0.0, 0.0, 0.0, 1.0], [0.3617490264818231, 0.29199263370156986, -0.885368817896516, 3.209023, 0.9305657904372171, -0.055604230585690306, 0.36187771305916383, 3.090346, 0.056435374610348255, -0.954802844258957, -0.2918331322649905, 1.332295, 0.0, 0.0, 0.0, 1.0], [0.4543762970110942, 0.27953904427036524, -0.8458132793015827, 3.09589, 0.8873530144080363, -0.05846551721818455, 0.45736900979119915, 2.975102, 0.07840158503153932, -0.9583526000511615, -0.27461515879448717, 1.365092, 0.0, 0.0, 0.0, 1.0], [0.617503019642051, 0.20554362563632, -0.759237669437723, 2.849583, 0.7858245079434687, -0.11923811477145524, 0.6068460387125838, 2.742351, 0.034203266632795715, -0.9713568293608821, -0.2351511144043768, 1.37552, 0.0, 0.0, 0.0, 1.0], [0.6705338911595438, 0.11617473260822037, -0.7327262328522499, 2.658284, 0.7417361697806677, -0.12435505763814719, 0.6590624204723841, 2.572329, -0.014551812448818258, -0.9854132387700205, -0.16955528187359065, 1.379131, 0.0, 0.0, 0.0, 1.0], [0.34304601269701046, 0.2423621195931151, -0.9075131052271452, 2.803247, 0.9334957913932476, -0.19537273783899284, 0.3006910387098211, 2.538879, -0.10442720250862564, -0.9503105262468838, -0.29326585733868454, 1.392507, 0.0, 0.0, 0.0, 1.0], [0.31825375566336306, 0.44031396266878836, -0.8395464021035842, 2.962286, 0.943320383855708, -0.23502322033963682, 0.2343304062717979, 2.631734, -0.09413394928761754, -0.8665377661591531, -0.4901541588229369, 1.27282, 0.0, 0.0, 0.0, 1.0], [0.09615693688414151, 0.15792201261653505, -0.9827586079094919, 3.003017, 0.9925218766298685, -0.08979979093089857, 0.08268205343296248, 2.39616, -0.07519420124041193, -0.9833598707898905, -0.16537592515208066, 1.462229, 0.0, 0.0, 0.0, 1.0], [-0.6497546481362473, 0.11566108191159269, -0.7512931593967704, 3.200896, 0.7588136922013358, 0.0402440329972554, -0.6500632264140866, 1.942895, -0.044951949380618084, -0.9924731391524686, -0.11391396010905205, 1.489491, 0.0, 0.0, 0.0, 1.0], [-0.9711865239091999, 0.11005192249644613, -0.21138900191826726, 3.404892, 0.23305496165971945, 0.6239922255420001, -0.7458680093078991, 1.670249, 0.04982088540915024, -0.7736422149921616, -0.6316609870484882, 1.179349, 0.0, 0.0, 0.0, 1.0], [-0.2660110184182985, 0.41508902094944516, -0.870022553022214, 3.211389, 0.9630879511103441, 0.15304113350248488, -0.22144979088351974, 1.553972, 0.04122786079994578, -0.8968163224113987, -0.44047786249748655, 1.280546, 0.0, 0.0, 0.0, 1.0], [0.26132962314353403, -0.06686314946837746, -0.962931018978425, 3.044018, 0.9648273963924966, -0.0114090802034863, 0.26263649414996887, 1.485279, -0.028546860390149587, -0.9976969239864779, 0.06152986778618552, 1.544479, 0.0, 0.0, 0.0, 1.0], [0.9118014733551177, 0.13033288998089657, -0.38939878142678397, 3.278164, 0.4059421846593023, -0.1431971076626689, 0.9026103982732967, 1.545507, 0.061879042506083504, -0.9810748830473002, -0.18347495183881868, 1.417099, 0.0, 0.0, 0.0, 1.0], [0.6382692355865506, 0.33318283362172785, -0.6939752029313129, 3.213148, 0.7686785597522631, -0.226914686282505, 0.5980326052369546, 1.22667, 0.041781032550036123, -0.9151496732934502, -0.40094316403942404, 1.273106, 0.0, 0.0, 0.0, 1.0], [0.6797608126287652, 0.30271192704121674, -0.6680499433734531, 3.003448, 0.7333908033363555, -0.2904132005843669, 0.6146528308793506, 0.939906, -0.007947779308462244, -0.907758592442582, -0.41941765657960406, 1.306604, 0.0, 0.0, 0.0, 1.0], [0.8364880265509154, 0.2174618361649084, -0.5029891959562769, 2.63815, 0.5455752949953249, -0.41648006191047776, 0.7272495826893332, 0.869424, -0.05133594187038584, -0.882754047197084, -0.4670223905011934, 1.310316, 0.0, 0.0, 0.0, 1.0], [0.9867630326291419, 0.018632784784202258, -0.16109480676832783, 2.182308, 0.1554272332280901, -0.39210569622563196, 0.9066948208512462, 0.756524, -0.046271941904356725, -0.9197314511957271, -0.3898114481051087, 1.363131, 0.0, 0.0, 0.0, 1.0], [0.9948394348087934, 0.013971222866914615, -0.10049529282968347, 1.849427, 0.09791369013870864, -0.391840590951344, 0.914808100404846, 0.800882, -0.026597147078996623, -0.9199270385277872, -0.3911864460238285, 1.381741, 0.0, 0.0, 0.0, 1.0], [0.9925119268155354, 0.03963612462228468, -0.11553810087516861, 1.407513, 0.11934984144709639, -0.5159789826795902, 0.8482460166599596, 0.779467, -0.025994046923610632, -0.855683742429329, -0.5168458594848866, 1.330771, 0.0, 0.0, 0.0, 1.0], [0.9809107903289274, 0.15865611720042108, -0.11243779565237566, 1.184588, 0.1881770407346988, -0.6286898361251068, 0.7545452215032032, 0.941327, 0.0490247157728696, -0.7612997612162195, -0.646544082654475, 1.251583, 0.0, 0.0, 0.0, 1.0], [0.9847456120923664, -0.0992507526804238, 0.14291734519364724, 0.96251, -0.16945970888333498, -0.3606340865490797, 0.9171839851873159, 0.993973, -0.03949033464034129, -0.9274116366054937, -0.37195183795582143, 1.401912, 0.0, 0.0, 0.0, 1.0], [0.8455271916974515, -0.17985868570207073, 0.5027271837465568, 1.125334, -0.533490369680062, -0.32288898213989425, 0.7817485085827112, 1.219867, 0.021720809350741055, -0.929189732180778, -0.3689642910241614, 1.320222, 0.0, 0.0, 0.0, 1.0], [0.9270451048574093, -0.12887193859829835, 0.35210708172632854, 0.837584, -0.3742460129085229, -0.3755430629117842, 0.8478840308207896, 1.544968, 0.022962913186020867, -0.9178014117121156, -0.3963751673317326, 1.342978, 0.0, 0.0, 0.0, 1.0], [0.9751316676616998, -0.07346966529420265, 0.20909433039867376, 0.91377, -0.22110272396749733, -0.38730917413454613, 0.8950447972506003, 1.885644, 0.015225510745607199, -0.9190178517922126, -0.3939217840000243, 1.263728, 0.0, 0.0, 0.0, 1.0], [0.9392662973811298, -0.06596957924745084, 0.33678900994221567, 0.700006, -0.34069607859111395, -0.2973127302416404, 0.8919256260859979, 2.250052, 0.04129170178838665, -0.9524983753530377, -0.3017314042542524, 1.235248, 0.0, 0.0, 0.0, 1.0], [0.9170279065750868, -0.045910847407897054, 0.396171695925899, 0.734628, -0.3912451930583396, -0.29627929099481176, 0.8712897225586644, 2.428797, 0.0773758196806777, -0.9539972619551382, -0.28965877634009796, 1.213441, 0.0, 0.0, 0.0, 1.0], [0.9065226276553306, -0.08103603797862252, 0.41430651225584414, 0.737759, -0.40070023551474426, -0.47407030263584704, 0.7840259366992809, 2.406367, 0.13287605806654235, -0.876749969322773, -0.46222661594202186, 1.128802, 0.0, 0.0, 0.0, 1.0], [0.8386782811985662, -0.0775740899891996, 0.5390742075152235, 0.847819, -0.543974056180164, -0.07085505557759791, 0.8361051293360156, 2.320839, -0.02666396160960266, -0.9944655960169981, -0.10162288861195873, 1.375713, 0.0, 0.0, 0.0, 1.0], [0.2818730682273263, -0.07546307081510795, 0.9564794291312633, 1.07638, -0.9561242021190538, 0.06086110629403074, 0.28657012381417146, 2.01616, -0.07983785775129465, -0.9952895310832023, -0.05499696160574086, 1.457495, 0.0, 0.0, 0.0, 1.0], [-0.49185399762331644, -0.04173054088417355, 0.8696770705149567, 1.1668, -0.8657960628765173, 0.12906510122437248, -0.48346600413417307, 1.488303, -0.09206966128689953, -0.9907576704741966, -0.0996113239900906, 1.479511, 0.0, 0.0, 0.0, 1.0], [0.030978249578910377, -0.2170800968749929, 0.9756621236851262, 1.260367, -0.9972839080441465, 0.05854519949688397, 0.044690786209964695, 1.552143, -0.06682181387257796, -0.9743965779684439, -0.2146768595684332, 1.460862, 0.0, 0.0, 0.0, 1.0], [-0.1427017382689675, -0.3032482732422717, 0.9421659613202952, 1.267693, -0.9895524419544497, 0.06347316970269717, -0.12944930030663981, 1.532106, -0.020546983160579124, -0.9507952679223185, -0.30913780095537613, 1.397222, 0.0, 0.0, 0.0, 1.0]], "times": [0.0, 1.0322097415730338, 2.0644194831460676, 3.096629224719101, 4.128838966292135, 5.161048707865169, 6.193258449438202, 7.225468191011236, 8.25767793258427, 9.289887674157304, 10.322097415730338, 11.354307157303372, 12.386516898876405, 13.418726640449439, 14.450936382022473, 15.483146123595507, 16.51535586516854, 17.547565606741575, 18.57977534831461, 19.611985089887643, 20.644194831460677, 21.67640457303371, 22.708614314606745, 23.740824056179775, 24.77303379775281, 25.805243539325847, 26.837453280898877, 27.869663022471908, 28.901872764044946, 29.934082505617983, 30.966292247191014, 31.998501988764044, 33.03071173033708, 34.062921471910116, 35.09513121348315, 36.12734095505618, 37.15955069662922, 38.19176043820225, 39.223970179775286, 40.25617992134831, 41.288389662921354, 42.32059940449439, 43.35280914606742, 44.38501888764045, 45.41722862921349, 46.449438370786524, 47.48164811235955, 48.513857853932585, 49.54606759550562, 50.57827733707866, 51.610487078651694, 52.64269682022472, 53.674906561797755, 54.707116303370796, 55.739326044943816, 56.77153578651686, 57.80374552808989, 58.835955269662925, 59.868165011235966, 60.90037475280899, 61.93258449438203, 62.96479423595506, 63.99700397752809, 65.02921371910112, 66.06142346067416, 67.0936332022472, 68.12584294382023, 69.15805268539326, 70.1902624269663, 71.22247216853934, 72.25468191011235, 73.2868916516854, 74.31910139325844, 75.35131113483146, 76.3835208764045, 77.41573061797753, 78.44794035955057, 79.4801501011236, 80.51235984269663, 81.54456958426967, 82.57677932584271, 83.60898906741573, 84.64119880898878, 85.6734085505618, 86.70561829213484, 87.73782803370787, 88.7700377752809, 89.80224751685394, 90.83445725842698, 91.866667]}, "pred": {"convention": "camera_to_world_row_major", "poses": [[0.13879653169446743, -0.06398438593772605, -0.9882517498824672, 3.883606528534102, 0.9899646610789653, -0.017800288528495287, 0.1401895842889593, 1.0339399231642004, -0.02656111075229202, -0.9977921367120881, 0.060871662628270776, 1.3830024833134769, 0.0, 0.0, 0.0, 1.0], [0.26435536235178336, -0.10031208793494163, -0.959194311602185, 3.929973126564466, 0.9639221105513622, -0.004643379979338113, 0.26614395317679923, 1.1012865440208972, -0.03115135929721227, -0.9949451864482283, 0.09546553711908794, 1.3866946329953096, 0.0, 0.0, 0.0, 1.0], [0.5040890540428171, -0.10117287256328211, -0.8577052380926161, 3.972068038243765, 0.8612180769714479, -0.01561596175339037, 0.5079956354498697, 1.1628755840230864, -0.06478926988180972, -0.9947462950902659, 0.07926007136239205, 1.3745289576143844, 0.0, 0.0, 0.0, 1.0], [0.7354246450538071, -0.0458055742765382, -0.6760565366984317, 3.9625112522069452, 0.67256623829993, -0.07212038549874701, 0.7365142938834203, 1.1584808100077009, -0.08249391823984752, -0.9963435649216131, -0.02223182612222017, 1.3600383607784419, 0.0, 0.0, 0.0, 1.0], [0.7860615855833747, 0.11207955422716412, -0.6079024240734617, 3.88471846357831, 0.61488041107192, -0.24275741454958685, 0.7503272071311463, 1.1465727654616678, -0.06347648186672791, -0.9635906865497613, -0.25973780056892487, 1.3141339871171474, 0.0, 0.0, 0.0, 1.0], [0.733800755814175, 0.2737727999324025, -0.6217595232754526, 3.8152051000397775, 0.6784301859730114, -0.3432911867755114, 0.6495257068376012, 1.1430797424637507, -0.03562209324520307, -0.8984428836044247, -0.4376430638927072, 1.2642055408038462, 0.0, 0.0, 0.0, 1.0], [0.4972287804288826, 0.4805381709723988, -0.7223895113799116, 3.8591288185686965, 0.8653842087741608, -0.33441253762645157, 0.3732002490387115, 1.1711197305872645, -0.062239144575782154, -0.8107103804175316, -0.5821296831168601, 1.2468209473716378, 0.0, 0.0, 0.0, 1.0], [0.1047331775554149, 0.5474106830376053, -0.8302845931458973, 3.6963347005453064, 0.9934102197798569, -0.09666606859893327, 0.06157764544509823, 1.1497383664497867, -0.0465520864847296, -0.831262422630741, -0.5539275114723852, 1.2295125758997294, 0.0, 0.0, 0.0, 1.0], [0.014139777518410036, 0.4968230176579083, -0.8677366857618842, 3.4726682731603806, 0.9998082188067663, -0.01878488082949054, 0.005536592694287039, 1.0824356668191462, -0.013549623543495242, -0.867648556373784, -0.4969933503823949, 1.205968241849049, 0.0, 0.0, 0.0, 1.0], [0.0646802400885601, 0.5056822493639115, -0.860291769820182, 3.094535198284233, 0.9976910916441253, -0.05066171679769155, 0.04523136196339437, 1.049831938058198, -0.02071116114657195, -0.8612310103156791, -0.507791487398711, 1.177340412993892, 0.0, 0.0, 0.0, 1.0], [0.2541912919665948, 0.5152248467504521, -0.8184926049631275, 2.6078632561511954, 0.9650205335663721, -0.19129528310395144, 0.17928046312259815, 1.0422332266921395, -0.06420402544722106, -0.83543370290715, -0.5458281516770825, 1.1774173808011794, 0.0, 0.0, 0.0, 1.0], [0.49485933993529607, 0.45046702393606336, -0.7430973651043239, 2.1976470074173537, 0.8688652609162296, -0.26996960973249123, 0.4149573088811163, 0.9184382841516072, -0.013689121658262256, -0.8509969859917675, -0.5249921311611753, 1.2130175979393183, 0.0, 0.0, 0.0, 1.0], [0.648401568469399, 0.41440618035688703, -0.6386258088179947, 1.781052150829837, 0.7604834042398226, -0.39138145148059483, 0.5181559140960881, 0.8780813392692065, -0.035219282818264176, -0.8216374365369181, -0.5689213697856751, 1.2189999422787077, 0.0, 0.0, 0.0, 1.0], [0.9532036310059557, 0.14467812873871633, -0.2654638900146782, 1.3710474092434595, 0.3022936719394901, -0.4695249869193816, 0.829557003806064, 0.7737877640503077, -0.004623174493952285, -0.87098480223424, -0.491288205165339, 1.2701764389561396, 0.0, 0.0, 0.0, 1.0], [0.9944322410450883, 0.07858557042022601, -0.07020559872097955, 1.1755181529876757, 0.10515513272446064, -0.6967245898069938, 0.7095894897896792, 0.9678206596589711, 0.006849527848290265, -0.7130211456050969, -0.7011090713207548, 1.1897521022929343, 0.0, 0.0, 0.0, 1.0], [0.9779269668206247, 0.18355362667983116, -0.09983443142370106, 0.9646950335509956, 0.20212937691197783, -0.7099930284057028, 0.674576618779864, 1.0601933504711447, 0.05293923454478709, -0.6798661381095401, -0.7314229089233066, 1.0909411295390596, 0.0, 0.0, 0.0, 1.0], [0.8715573325316325, 0.3949400690999851, -0.2905342629185833, 1.130223946193048, 0.4898358900811321, -0.6758002863683964, 0.5507765188647917, 1.5284866374260946, 0.021180578338900777, -0.6223474228786465, -0.7824545151876479, 0.983802166862291, 0.0, 0.0, 0.0, 1.0], [0.7652816796625118, 0.5235200708257334, -0.3745272836730901, 1.1094038972429594, 0.6428509339650367, -0.591793540457126, 0.4863363878772586, 1.8277585540112817, 0.032964033023945676, -0.6129495419003419, -0.7894341211342192, 0.9794537554291786, 0.0, 0.0, 0.0, 1.0], [0.718486415304677, 0.5213438147956578, -0.460410575244472, 1.0932635887398892, 0.695501184129471, -0.5314298279932296, 0.4835911918072841, 2.0252885279029815, 0.00744136392995475, -0.6676698021427937, -0.7444203526297924, 0.9768326541466734, 0.0, 0.0, 0.0, 1.0], [0.7048243455445755, 0.5226060927307938, -0.4796931454256083, 1.0468829872749557, 0.7093589713078537, -0.5137981418542792, 0.4825156155526506, 2.2559582219784096, 0.00570015374565277, -0.6803633891294734, -0.7328527594131938, 0.9615049570153898, 0.0, 0.0, 0.0, 1.0], [0.7095748226483152, 0.43845688563759366, -0.5515968913079492, 0.9686749483250852, 0.7044537042143436, -0.42390838367199674, 0.5692509647521773, 2.738695345984197, 0.015765458518584782, -0.7925006256714104, -0.6096672933888788, 1.0345558068829794, 0.0, 0.0, 0.0, 1.0], [0.9270513488258902, -0.08682012323262997, 0.36474383180797987, 0.8590768798659365, -0.37424600302637756, -0.2731979277032805, 0.8861731329246069, 2.2918119762233875, 0.022709598386533723, -0.9580319193536843, -0.28576059147583327, 1.2359873554844485, 0.0, 0.0, 0.0, 1.0], [0.6571826891270182, -0.05199097211044226, 0.7519360690449634, 0.8317114133791592, -0.7517872984712748, -0.11681911285885521, 0.6489754638876049, 2.3861978547431857, 0.054099639269065455, -0.9917914265055335, -0.11585765119781961, 1.3289712671841656, 0.0, 0.0, 0.0, 1.0], [0.193249807209181, -0.13208387107050332, 0.9722182692259207, 0.8659947698857255, -0.9804366324376323, -0.06376502710332528, 0.1862203831294154, 2.38433782740553, 0.037396815211573, -0.9891854590123851, -0.14182244494609644, 1.4069982556068321, 0.0, 0.0, 0.0, 1.0], [0.21708027977583616, -0.35763803645699077, 0.9082792450626802, 0.8215643797435392, -0.9711704885340046, -0.17302530235391617, 0.16398209336984984, 2.3613594228971007, 0.09850905711185659, -0.9176912768597747, -0.38488788762756465, 1.2985479470046786, 0.0, 0.0, 0.0, 1.0], [0.2233292354901127, -0.25001758761233817, 0.9421333549237647, 0.8013972736227184, -0.9726154108654033, -0.12098523109962768, 0.19844857369830698, 2.3938318326720998, 0.06436858801095886, -0.9606527883373246, -0.2701904978662256, 1.32017212153029, 0.0, 0.0, 0.0, 1.0], [-0.421211648841904, -0.14927923140128427, 0.8945929006828336, 0.9124073452069452, -0.9013057313642979, -0.04109523470728003, -0.43122982305752083, 2.5540373803441176, 0.10113716176436566, -0.9879407334231114, -0.11723643526503656, 1.2751414689815606, 0.0, 0.0, 0.0, 1.0], [-0.700763527021777, -0.41909889527339106, 0.5773097913396428, 1.203972832752767, -0.6946804088802265, 0.21674468112275258, -0.6858869241522225, 2.433232316520713, 0.16232562556170665, -0.8816903420054114, -0.4430265591365615, 1.2086521688720833, 0.0, 0.0, 0.0, 1.0], [-0.7353944312219777, -0.47225262534326773, 0.4859758104927597, 1.1570607926399106, -0.6658195708112773, 0.37020088065660556, -0.6477928735990844, 2.26072156957666, 0.12601321221359973, -0.7999554773970015, -0.5866787063888937, 1.175950780536218, 0.0, 0.0, 0.0, 1.0], [-0.8927227057256688, -0.31122945717013173, 0.32585640345315575, 1.1504841423143586, -0.4416031233808652, 0.4604393908261545, -0.7700534064569182, 2.1993148735481536, 0.08962617978082464, -0.8313433661040573, -0.5484845991754652, 1.1999943567725957, 0.0, 0.0, 0.0, 1.0], [-0.534625060765149, -0.11649289033440276, 0.8370217744499822, 1.0027717888319958, -0.8442490926049473, 0.029465913492882703, -0.5351403830564018, 2.229129634580704, 0.03767643875929699, -0.9927543333793948, -0.11410223275138043, 1.3508713852383316, 0.0, 0.0, 0.0, 1.0], [-0.15438016361159765, -0.2786450195373201, 0.9479049098777276, 0.909470579512238, -0.9867446916172016, -0.005085297290983844, -0.16220065757183522, 2.2215008441122652, 0.05001678366838128, -0.9603807020335785, -0.27416642484622644, 1.41866129076445, 0.0, 0.0, 0.0, 1.0], [-0.31379748408664976, 0.13089531290953627, 0.9404241362487475, 1.0173533533452135, -0.9493759958620862, -0.05859813751675328, -0.3086283797067907, 2.280546118902351, 0.014709094525494099, -0.9896629099536275, 0.14265681617209106, 1.4160945113050067, 0.0, 0.0, 0.0, 1.0], [0.29507927119254146, -0.049769871675573334, 0.9541756565674243, 0.9867473700984823, -0.9554469614439585, -0.008029360945207762, 0.2950536107732251, 2.3042389918058745, -0.007023359593887918, -0.9987284361808312, -0.04992177063973591, 1.4203023025890011, 0.0, 0.0, 0.0, 1.0], [-0.40682658043237263, 0.1030290308359949, 0.9076767884322577, 1.1195016063337073, -0.9133920007979702, -0.06153425253760671, -0.40240351470000624, 2.4069939960431608, 0.0143939685973743, -0.9927731637033876, 0.11913966215490165, 1.3793587051822847, 0.0, 0.0, 0.0, 1.0], [-0.3671586321529286, -0.14811239938389903, 0.9182903985038362, 0.9544417040649678, -0.9299104920015866, 0.08123732853339025, -0.35870178884154486, 2.1856169164858104, -0.021471276183696483, -0.9856283344149059, -0.16755826060669488, 1.3285159091704526, 0.0, 0.0, 0.0, 1.0], [-0.47019871913244693, -0.24096424976229713, 0.8490285006186186, 1.1945085939295228, -0.8811801479195319, 0.07439240604521594, -0.4668911188224886, 2.1071689895784145, 0.04934279520575897, -0.967678665807662, -0.24731212728450172, 1.2525923277209534, 0.0, 0.0, 0.0, 1.0], [-0.07254818276932348, -0.2353201911344151, 0.9692064634644834, 1.1274111678360885, -0.9932417841028669, -0.0712238019904156, -0.09164021138225012, 1.7233867009112638, 0.09059536129969427, -0.9693046877398729, -0.22856268907344743, 1.319460040852675, 0.0, 0.0, 0.0, 1.0], [-0.13126191454838168, -0.009439580887952433, 0.99130278124383, 1.2499348593231936, -0.9910781550297665, -0.02206827440736954, -0.1314423139155519, 1.3979786557634133, 0.02311710215158254, -0.9997119012882365, -0.0064586384611957795, 1.4426360828334448, 0.0, 0.0, 0.0, 1.0], [0.3769529789854559, 0.2465411133979357, 0.8928179719508879, 1.4046722384906358, -0.92590974894101, 0.12574140724412833, 0.35620252009251907, 1.1469475439770944, -0.024445622307193483, -0.9609404653300705, 0.27567341845241755, 1.453154381654098, 0.0, 0.0, 0.0, 1.0], [0.6064268745680299, 0.2122323937551007, 0.76629227899192, 1.31090648212774, -0.7950612356200708, 0.14834622407328077, 0.5881080082922567, 0.9843934171819535, 0.011139004261449634, -0.9658937875585386, 0.2586988862362644, 1.447424206206141, 0.0, 0.0, 0.0, 1.0], [0.8418158669797284, 0.11467976191445792, 0.5274415591403575, 1.707264785995363, -0.5396989626808203, 0.1940949703694673, 0.8191777414935792, 0.796538070915008, -0.008430645432866491, -0.974256483008719, 0.2252847743036946, 1.4590480992572425, 0.0, 0.0, 0.0, 1.0], [0.8726870570206026, 0.017800369465526055, 0.4879553743485255, 2.6448825451055926, -0.48667001107313984, 0.11279346637087076, 0.8662735908857617, 0.9905617811501832, -0.039618188131071715, -0.9934589980421605, 0.1070963042232415, 1.4362473663509963, 0.0, 0.0, 0.0, 1.0], [0.9424887458281694, -0.01902489834903189, 0.3336959952262736, 3.1423599982951886, -0.333094999258704, 0.029028862550282246, 0.9424463096685565, 1.0359387266720228, -0.027616760419867752, -0.9993975076924327, 0.02102227775636655, 1.4063543567300796, 0.0, 0.0, 0.0, 1.0], [0.9549098401310352, -0.11758848320692213, 0.27261721485998597, 3.3593422579499186, -0.29687359284618514, -0.38943777507803784, 0.8718969487346909, 1.1349785302046178, 0.0036424018885883635, -0.913515827974186, -0.4067868790277272, 1.299555414019112, 0.0, 0.0, 0.0, 1.0], [0.9524223896431797, -0.11929128983792048, 0.2804660048476107, 3.4367000064400806, -0.29441446894225665, -0.5980613313801999, 0.7454144916656713, 1.1458405681100117, 0.07881441609137184, -0.792522701300441, -0.6047280841333795, 1.2125727607788783, 0.0, 0.0, 0.0, 1.0], [0.9755725789590866, -0.10360656286981318, 0.19371066907483367, 3.395713392248098, -0.2178585068154597, -0.5695374214854598, 0.7925684806600822, 1.2223991560998189, 0.028210178858962785, -0.8154095937981091, -0.5781966621753778, 1.2200431288721896, 0.0, 0.0, 0.0, 1.0], [0.9696343468180312, -0.1488235834863132, 0.19406384122000236, 3.326573800584057, -0.24362715324914938, -0.518594883893675, 0.8195762054861161, 1.5199246379417275, -0.021331752635111126, -0.8419684598591554, -0.539104877488524, 1.2240198492427687, 0.0, 0.0, 0.0, 1.0], [0.9897387185669085, -0.07733240195447094, 0.12015393700368573, 3.2979495375913217, -0.14185101460056257, -0.4305890290212697, 0.8913312390707007, 1.6901467478963026, -0.01719181858689223, -0.8992289962487156, -0.4371403134912209, 1.2494687630487684, 0.0, 0.0, 0.0, 1.0], [0.9959924140458191, 0.024273985927947144, 0.08608068755737978, 3.4009485815269396, -0.08581849055008847, -0.01164591724252717, 0.996242721073175, 1.8549212625114002, 0.0251852703556231, -0.9996375074089356, -0.009516088396191532, 1.4084614137843403, 0.0, 0.0, 0.0, 1.0], [0.9898727625498382, -0.006713777081992151, 0.1417985865911394, 3.4758777777794663, -0.14165294789227706, -0.11210361238597123, 0.9835482817042809, 1.9235817774846438, 0.009292809875352684, -0.9936738425093565, -0.11191933879947302, 1.4851333594478322, 0.0, 0.0, 0.0, 1.0], [0.9987322780375735, 0.013988728678900822, 0.04835444422001628, 3.4460333506779506, -0.04640729886885763, -0.11622406405246208, 0.9921382613057642, 1.9686175299024469, 0.019498702971611145, -0.9931245049866996, -0.11542754514130284, 1.4668453752556478, 0.0, 0.0, 0.0, 1.0], [0.9823654566497642, 0.090103496133426, -0.1638275604586541, 3.3357738391268956, 0.18609924730832111, -0.3866980695666223, 0.9032340079651141, 2.1081919176900907, 0.018032740573093023, -0.9177940743859604, -0.3966470185056757, 1.297057371290822, 0.0, 0.0, 0.0, 1.0], [0.8895312299740583, 0.24534300748173124, -0.3854101705724148, 3.3274904124086184, 0.45660950764910546, -0.44868377471555815, 0.7682386529142096, 2.2737158493514906, 0.015554691423488098, -0.859354222068419, -0.5111441798435177, 1.2231608441639938, 0.0, 0.0, 0.0, 1.0], [0.8620751829041188, 0.2865468908521656, -0.41799193576406085, 3.369026317930815, 0.5054299387125291, -0.4259673807125983, 0.750394807832448, 2.4527181204436523, 0.03697236905959098, -0.85816237968802, -0.5120452851206774, 1.1716755385826394, 0.0, 0.0, 0.0, 1.0], [0.7490566237022246, 0.34349066592096084, -0.5665053723602261, 3.3218675929518295, 0.6612823069495777, -0.3356996854921177, 0.6708289138639877, 2.546544575965675, 0.04024779501125332, -0.8771088208344893, -0.47860237296848396, 1.1750848442733686, 0.0, 0.0, 0.0, 1.0], [0.5232996835656388, 0.47367858648595107, -0.7083685748851184, 3.3126204621395345, 0.8456320581546504, -0.18605068659765128, 0.5002914792775031, 2.6238528649317656, 0.10518490101355754, -0.8608215487086822, -0.4979180634176211, 1.1661199433987612, 0.0, 0.0, 0.0, 1.0], [0.3046764925293556, 0.5123739690957975, -0.8028979702882727, 3.3318083479353326, 0.9516645628605137, -0.12940903780758353, 0.2785459759702557, 2.8612227545848254, 0.03881745349087581, -0.8489559568827667, -0.527036041061472, 1.103826893929534, 0.0, 0.0, 0.0, 1.0], [0.3123076290282043, 0.5060152500023047, -0.8039978306039676, 3.246143754883249, 0.9448604825558797, -0.07770207619805693, 0.3181211339392288, 2.8998818080918936, 0.09850184442461402, -0.85901743528267, -0.5023807644857958, 1.1395550870903213, 0.0, 0.0, 0.0, 1.0], [0.2930934154630676, 0.2724259284748531, -0.9164498695001311, 3.1185835747299717, 0.9544382726