{"bundle_id": "scene0149_00_route", "scene_id": "scene0149_00", "dataset": "scannet", "split": "val", "video_duration_s": 58.708333, "fps": 1.533, "num_frames": 90, "image_width": 1296, "image_height": 968, "intrinsics_color": [[1170.18798828125, 0.0, 647.75], [0.0, 1170.18798828125, 483.75], [0.0, 0.0, 1.0]], "vsi": {"question_id": 5037, "question_type": "route_planning", "question": "You are a robot beginning at the sink and facing the sink. You want to navigate to the refrigerator. You will perform the following actions (Note: for each [please fill in], choose either 'turn back,' 'turn left,' or 'turn right.'): 1. [please fill in] 2. Go forward until the wall. 3. [please fill in] 4. Go forward until the refrigerator. You have reached the final destination.", "ground_truth": "A", "prediction": "A", "prior_prediction": "C", "score": null, "prior_score": null, "options": ["A. Turn Back, Turn Left", "B. Turn Left, Turn Right", "C. Turn Right, Turn Left", "D. Turn Back, Turn Right"], "objects": [{"object_id": 16, "label": "sink", "aabb_min": [0.8636181950569153, 2.094581365585327, 0.7828237414360046], "aabb_max": [1.68815016746521, 2.8728175163269043, 1.1409879922866821], "centroid": [1.2613937203025465, 2.5291798707872335, 0.9435724577691296], "n_verts": 1616, "role": "start", "parsed_label": "sink and", "first_seen_t": 5.87}, {"object_id": 16, "label": "sink", "aabb_min": [0.8636181950569153, 2.094581365585327, 0.7828237414360046], "aabb_max": [1.68815016746521, 2.8728175163269043, 1.1409879922866821], "centroid": [1.2613937203025465, 2.5291798707872335, 0.9435724577691296], "n_verts": 1616, "role": "facing", "parsed_label": "sink", "first_seen_t": 17.61}, {"object_id": 1, "label": "refrigerator", "aabb_min": [3.4666647911071777, 0.6451790928840637, 0.10311660915613174], "aabb_max": [4.127645492553711, 1.6568808555603027, 1.700778603553772], "centroid": [3.7528122465325477, 1.3392079596246678, 1.0215549661203065], "n_verts": 3898, "role": "destination", "parsed_label": "refrigerator", "first_seen_t": 29.35}, {"object_id": 27, "label": "wall", "aabb_min": [0.14383399486541748, 2.2739694118499756, 0.18962566554546356], "aabb_max": [4.236273765563965, 3.9036526679992676, 2.447934150695801], "centroid": [3.0457267871297393, 3.344820242095412, 1.37862259799974], "n_verts": 19950, "role": "waypoint", "parsed_label": "wall", "first_seen_t": 41.1}, {"object_id": 1, "label": "refrigerator", "aabb_min": [3.4666647911071777, 0.6451790928840637, 0.10311660915613174], "aabb_max": [4.127645492553711, 1.6568808555603027, 1.700778603553772], "centroid": [3.7528122465325477, 1.3392079596246678, 1.0215549661203065], "n_verts": 3898, "role": "waypoint", "parsed_label": "refrigerator", "first_seen_t": 52.84}], "task_data": {"steps": [{"role": "start", "label": "sink and"}, {"role": "facing", "label": "sink"}, {"role": "destination", "label": "refrigerator"}, {"role": "waypoint", "label": "wall"}, {"role": "waypoint", "label": "refrigerator"}], "options": ["A. Turn Back, Turn Left", "B. Turn Left, Turn Right", "C. Turn Right, Turn Left", "D. Turn Back, Turn Right"]}}, "gt": {"poses": [[-0.9648432011230756, 0.1863459764337543, -0.18534501426671082, 3.779865, 0.2525050864424512, 0.46153688993594033, -0.8504262934252155, 2.337391, -0.07292995658346998, -0.8673285861167098, -0.4923640372097893, 1.461827, 0.0, 0.0, 0.0, 1.0], [-0.9825176935187279, 0.13861094049171255, -0.12428189368786816, 3.79811, 0.17478904966847278, 0.4569856616543415, -0.8721312362014885, 2.334325, -0.06409188746348324, -0.8786074847270237, -0.47322417282195295, 1.447327, 0.0, 0.0, 0.0, 1.0], [-0.9888075355559626, 0.08559703089893617, -0.12219986059333496, 3.794127, 0.14299908665745018, 0.3101169110049796, -0.9398823132306856, 2.356662, -0.042554892114526434, -0.946837182312786, -0.31888623574419905, 1.470157, 0.0, 0.0, 0.0, 1.0], [-0.9955197405185383, 0.06867958739032488, -0.06498892608589166, 3.792144, 0.07569410128823427, 0.16697071831821553, -0.9830519733231127, 2.363501, -0.0566643562397853, -0.983566923752621, -0.1714212858187012, 1.508126, 0.0, 0.0, 0.0, 1.0], [-0.9935262147920311, 0.04274174998066845, -0.10525589451241812, 3.799955, 0.10581615167836006, 0.011057921196064574, -0.9943242250004796, 2.38606, -0.041335246037752814, -0.9990249572395136, -0.015509102088347498, 1.545531, 0.0, 0.0, 0.0, 1.0], [-0.9901069380746503, 0.04394113731810838, -0.13325699841896482, 3.800212, 0.12654297984391344, -0.1306861330912859, -0.9833148065954616, 2.406728, -0.06062281277426647, -0.9904495499866908, 0.1238328046298653, 1.569567, 0.0, 0.0, 0.0, 1.0], [-0.9897983236462478, 0.07143386459463098, -0.12327400981615569, 3.794777, 0.10150789843130097, -0.25357811223534027, -0.9619741615819117, 2.426078, -0.09997712269883749, -0.9646736981924184, 0.2437400889320927, 1.598166, 0.0, 0.0, 0.0, 1.0], [-0.9842800184985451, 0.05977220694091123, -0.1661930457688187, 3.794433, 0.14445508872014062, -0.2689402087944707, -0.9522625118298226, 2.414773, -0.1016148243484192, -0.9613003939305339, 0.2560780742305762, 1.620315, 0.0, 0.0, 0.0, 1.0], [-0.9858041994859938, 0.05838080384507516, -0.15742224118015222, 3.802258, 0.14335784057958773, -0.19538902231488656, -0.970191558148797, 2.396295, -0.08739914084324094, -0.9789866248837293, 0.1842459727609472, 1.607053, 0.0, 0.0, 0.0, 1.0], [-0.9663514543193622, 0.0685921819379737, -0.2479112327262353, 3.784481, 0.2533845363024049, 0.08791192042253379, -0.9633627411367107, 2.387824, -0.0442847998490333, -0.9937638586830424, -0.10233401036664716, 1.559263, 0.0, 0.0, 0.0, 1.0], [-0.9385842689575402, 0.12593603792102978, -0.32124707690217763, 3.755124, 0.34023907821954624, 0.1828590280453704, -0.9223881750730637, 2.410232, -0.05741898394916223, -0.9750398403219512, -0.21447696861712312, 1.525223, 0.0, 0.0, 0.0, 1.0], [-0.8746489540074869, 0.22345313806720066, -0.4301835681909867, 3.768725, 0.47975755688806676, 0.2718992789397191, -0.8342082885711781, 2.386891, -0.06943985788005391, -0.9360232247118558, -0.34501975151810726, 1.502362, 0.0, 0.0, 0.0, 1.0], [-0.7613015471041922, 0.3077266661270226, -0.570722571247284, 3.854953, 0.6455640359451376, 0.27752585287681314, -0.7114959427004643, 2.353694, -0.060556006068666735, -0.9101009284356023, -0.40993812970943094, 1.486033, 0.0, 0.0, 0.0, 1.0], [-0.5337782221989993, 0.35237052715810435, -0.7687104923808414, 3.896503, 0.8450074047798855, 0.18753978021119394, -0.5007906915124325, 2.350602, -0.0323000831769657, -0.9168772232031162, -0.397860355147512, 1.493078, 0.0, 0.0, 0.0, 1.0], [-0.3388699633372153, 0.33943212738302886, -0.8774696455422637, 3.939775, 0.9399080140493211, 0.08078524102659498, -0.331732829183571, 2.326019, -0.04171418312391778, -0.937155043593378, -0.3464106684179892, 1.507612, 0.0, 0.0, 0.0, 1.0], [-0.17409530565458703, 0.23199989234152224, -0.9570093387749977, 3.955723, 0.9838567618300602, 8.895587274132533e-05, -0.1789577164810754, 2.317701, -0.041433039356341794, -0.972715807438316, -0.2282701496239073, 1.559169, 0.0, 0.0, 0.0, 1.0], [-0.2503302947154826, 0.15189703865924997, -0.9561705042481756, 3.944032, 0.9673972850354342, 3.678121956982028e-05, -0.253263679893532, 2.339013, -0.03843483385850882, -0.9883963214691225, -0.14695399025741565, 1.58746, 0.0, 0.0, 0.0, 1.0], [-0.3037208278285813, 0.05135489882745159, -0.951376020882145, 3.953726, 0.9511660230314111, -0.041412396711333066, -0.3058892120183918, 2.361335, -0.05510767073403422, -0.9978214708879769, -0.0362692274693559, 1.626767, 0.0, 0.0, 0.0, 1.0], [-0.2777639494178601, 0.01515810253716654, -0.9605297602527814, 3.976475, 0.9596484518270166, -0.041252929555406215, -0.2781601062501727, 2.351135, -0.04384104594786842, -0.9990337470428965, -0.003087872994060631, 1.632115, 0.0, 0.0, 0.0, 1.0], [-0.1381770288525908, 0.04524930697561402, -0.9893733415226516, 3.993378, 0.9902897904705391, -0.009091776941949486, -0.13872083650935085, 2.339404, -0.015272183448560739, -0.9989343521024117, -0.04355365199898881, 1.639615, 0.0, 0.0, 0.0, 1.0], [0.007653995658821855, 0.03337662646535838, -0.9994135366084687, 4.032755, 0.9994719201066509, 0.03130799772163395, 0.008700011321089662, 2.340945, 0.03158001375521641, -0.998952356263528, -0.03311936966136636, 1.629725, 0.0, 0.0, 0.0, 1.0], [0.149790812212381, -0.008956301856222204, -0.9886771450953113, 4.049858, 0.9873156457583054, 0.054589208276228096, 0.14909001972176056, 2.35046, 0.05263580737117629, -0.9984687291031376, 0.017019658796509407, 1.639654, 0.0, 0.0, 0.0, 1.0], [0.21160892300040374, -0.03775676748614881, -0.9766248462002216, 4.054935, 0.9759658524211814, 0.061410032081291366, 0.20909199618247493, 2.349596, 0.05207992525346539, -0.9973982326376822, 0.04984422651442988, 1.655683, 0.0, 0.0, 0.0, 1.0], [0.24388984461021876, 0.12754187002219303, -0.9613796414982196, 4.043018, 0.9650848996316301, 0.0657458014351501, 0.25355201852214915, 2.342298, 0.09554517360395431, -0.9896517372211762, -0.10705399953340544, 1.623897, 0.0, 0.0, 0.0, 1.0], [0.19132111656271406, 0.2842299811148494, -0.9394730162131582, 4.065816, 0.9773407396445535, 0.03314595164664241, 0.2090608153635577, 2.390968, 0.0905610787713656, -0.9581830011667348, -0.271448019493375, 1.605202, 0.0, 0.0, 0.0, 1.0], [0.18777182478391982, 0.3935287544462539, -0.8999315869783086, 4.174155, 0.9813509731220741, -0.036795075391918425, 0.18867005586277102, 2.498858, 0.0411340414945458, -0.9185756592958922, -0.39309890457675145, 1.554937, 0.0, 0.0, 0.0, 1.0], [0.21708485479943215, 0.5183821510350646, -0.8271360899543492, 4.248648, 0.974245854791149, -0.06211918084106208, 0.21676305449476235, 2.533465, 0.06098508210188264, -0.8528898831970604, -0.5185167951967725, 1.505417, 0.0, 0.0, 0.0, 1.0], [0.301181812054664, 0.6068365834445772, -0.7355534495064122, 4.268496, 0.9510319385356294, -0.13495207991320288, 0.27807586736763723, 2.547164, 0.06948214139354297, -0.7832862166031097, -0.6177660842964385, 1.455474, 0.0, 0.0, 0.0, 1.0], [0.3563729099705841, 0.6489850789509694, -0.6721731297352658, 4.337725, 0.9306918337991835, -0.1830211790075265, 0.31672694633423326, 2.541517, 0.08252914357129437, -0.7384589462750786, -0.6692289033863448, 1.442845, 0.0, 0.0, 0.0, 1.0], [0.31514889284598857, 0.6682475197184633, -0.6738890322063937, 4.424501, 0.9451586399072257, -0.15682489253387255, 0.28649799037770396, 2.597912, 0.08576899641870178, -0.7272215655987256, -0.6810231081112207, 1.453657, 0.0, 0.0, 0.0, 1.0], [0.31362465038480886, 0.6068886245426485, -0.730291569218582, 4.491042, 0.9467941829768846, -0.14134611692396964, 0.2891401914498386, 2.670498, 0.07225201555763172, -0.7821173010688665, -0.6189282459353523, 1.487323, 0.0, 0.0, 0.0, 1.0], [0.3349181990557007, 0.5257896437021712, -0.7819047579576621, 4.492155, 0.9400583443579342, -0.12992584982956384, 0.3152928523596523, 2.679763, 0.0641880763405942, -0.8406334064987007, -0.5377874735749101, 1.505329, 0.0, 0.0, 0.0, 1.0], [0.27557279142179925, 0.5729750862699838, -0.7718543820837597, 4.363725, 0.954705907583508, -0.06938618127387375, 0.289347866543681, 2.551222, 0.11223309072260379, -0.8166303376449677, -0.5661436434198639, 1.453116, 0.0, 0.0, 0.0, 1.0], [0.30866125991110105, 0.5607589303897472, -0.7682952873851554, 4.166009, 0.9479907369469104, -0.11535372773713518, 0.2966598728510493, 2.383833, 0.07772894758676152, -0.8199042258003637, -0.567199498608524, 1.474099, 0.0, 0.0, 0.0, 1.0], [0.18676880338277604, 0.48683358256751763, -0.8532938983535754, 3.985887, 0.9820207772515182, -0.06826274307924882, 0.17599826974609906, 2.3458, 0.027433686031777038, -0.870823323523074, -0.490830043985632, 1.489233, 0.0, 0.0, 0.0, 1.0], [0.14364482021529074, 0.47957879734532816, -0.8656617946762615, 3.793587, 0.9886948988119023, -0.031541990085969, 0.14658615188597873, 2.298357, 0.042994914683476604, -0.8769317419264886, -0.4786879540088045, 1.470105, 0.0, 0.0, 0.0, 1.0], [0.43363008780806706, 0.5149190324308583, -0.7394750414909463, 3.637142, 0.8997018763350246, -0.20186176923518312, 0.3870250119055326, 2.171924, 0.0500148044763154, -0.833132772228839, -0.5508069563572029, 1.45162, 0.0, 0.0, 0.0, 1.0], [0.6034426896008942, 0.5002546147749295, -0.6209687921012016, 3.529491, 0.7951784785986756, -0.3193420817313623, 0.5154724260413697, 2.116145, 0.05956599315661648, -0.8048390865457931, -0.5904963481914169, 1.430288, 0.0, 0.0, 0.0, 1.0], [0.7277007053001747, 0.42231556782786345, -0.5404639161644907, 3.442157, 0.6839559988167121, -0.38758495895434475, 0.6180469976263884, 2.055366, 0.0515351839839758, -0.8194067736860541, -0.5708911140043691, 1.452268, 0.0, 0.0, 0.0, 1.0], [0.8162458122059078, 0.35826583422724184, -0.45319793256564717, 3.392118, 0.5761618195184084, -0.4475497591844808, 0.6839128385862855, 1.897115, 0.04219397807217662, -0.8193563358389145, -0.5717297116077429, 1.461509, 0.0, 0.0, 0.0, 1.0], [0.8335203724418208, 0.3859202281984234, -0.39535979334237464, 3.38872, 0.5476420482647432, -0.48253887708962545, 0.6835527917209324, 1.826866, 0.0730203786407958, -0.7862708245664215, -0.6135521287867842, 1.449249, 0.0, 0.0, 0.0, 1.0], [0.6930533849138266, 0.49348737868920656, -0.5254971101099823, 3.375778, 0.7163008832048768, -0.38932815264882425, 0.5790825798407055, 1.775509, 0.08117912526875773, -0.777749186196623, -0.6233106392410529, 1.433379, 0.0, 0.0, 0.0, 1.0], [0.32737765434071286, 0.5618793743128485, -0.7596811437439887, 3.347158, 0.9438125764968279, -0.15600501413161336, 0.291342163121328, 1.69972, 0.045185084760262506, -0.8123755315662806, -0.5813813755424325, 1.462303, 0.0, 0.0, 0.0, 1.0], [0.016238851949602534, 0.5185219979956653, -0.8549100755529448, 3.339626, 0.9987265381745095, 0.03243480592536843, 0.03864304996430318, 1.755157, 0.04776611386033863, -0.8544488989747525, -0.5173349760141046, 1.454255, 0.0, 0.0, 0.0, 1.0], [-0.2620190105652583, 0.41213857548274896, -0.8726327020582336, 3.319946, 0.9650448638477729, 0.10639616312528331, -0.23951673685413333, 1.861092, -0.0058693154146943205, -0.9048876455512413, -0.42561003285319093, 1.49085, 0.0, 0.0, 0.0, 1.0], [-0.3907643740378129, 0.2697351406607779, -0.8800830403294606, 3.302547, 0.9200923910665648, 0.08633257005039428, -0.38206894567591543, 1.94407, -0.027077590074601032, -0.9590566413102015, -0.2819169432200694, 1.525788, 0.0, 0.0, 0.0, 1.0], [-0.44863494586397057, 0.11836385123764415, -0.8858423584757196, 3.175529, 0.8932799726017451, 0.028461975557171282, -0.4485987143271911, 1.895041, -0.027885047933579155, -0.9925622976254821, -0.11850109465387301, 1.53536, 0.0, 0.0, 0.0, 1.0], [-0.5975440236223165, 0.06032201589991143, -0.7995638775176274, 2.98042, 0.799770457240703, -0.026692623551626812, -0.5997121972854379, 1.820761, -0.05751830628808008, -0.9978220072967433, -0.032293748559878196, 1.582008, 0.0, 0.0, 0.0, 1.0], [-0.7701238764440437, -0.011603150542905782, -0.6377888222823274, 2.811076, 0.6378748734150308, -0.021823089297910388, -0.769830759738304, 1.785852, -0.004986060224073274, -0.999694513174387, 0.02420784030986283, 1.585563, 0.0, 0.0, 0.0, 1.0], [-0.9068636365718656, 0.05309990575291859, -0.4180654789296557, 2.735179, 0.41265126656457807, -0.0894761184684756, -0.9064838423416409, 1.655519, -0.08554108291517454, -0.9945724831468276, 0.059230894817255283, 1.600065, 0.0, 0.0, 0.0, 1.0], [-0.9909611942133651, 0.046729720722095254, -0.12574674852439208, 2.623479, 0.12170030564298784, -0.08118191777836159, -0.9892413920940789, 1.633756, -0.05643533617889653, -0.9956032490038703, 0.07476110889568599, 1.602232, 0.0, 0.0, 0.0, 1.0], [-0.9870565174663577, 0.0008991157251914544, 0.16037026818615327, 2.541681, -0.1602756109789905, -0.040336977867286246, -0.9862477664065179, 1.673317, 0.00558210108268456, -0.9991857283845915, 0.03995898322099694, 1.595466, 0.0, 0.0, 0.0, 1.0], [-0.848703009391649, -0.0084580131114666, 0.5288021027414365, 2.451416, -0.528168894763587, -0.037902920189610285, -0.8482929843192805, 1.746107, 0.027218017080044343, -0.9992456307912015, 0.02770106299267449, 1.575715, 0.0, 0.0, 0.0, 1.0], [-0.7000781522140272, 0.03152114822508745, 0.7133701689916432, 2.493339, -0.7138883975839134, -0.05319062051370636, -0.6982364310779261, 1.788102, 0.015935387904469744, -0.9980867573031611, 0.05974017332076577, 1.573532, 0.0, 0.0, 0.0, 1.0], [-0.6013144635421335, 0.09640183418597281, 0.7931756440414802, 2.558909, -0.7988709188115029, -0.09122094379570299, -0.594545199703342, 1.836815, 0.015038983087360736, -0.9911535833454883, 0.13186509473358243, 1.620936, 0.0, 0.0, 0.0, 1.0], [-0.5321874637990256, 0.12422655137396355, 0.8374629945907419, 2.567667, -0.8455958680399901, -0.1267880210004078, -0.5185483831664082, 1.868184, 0.04176279838392788, -0.9841201967567439, 0.1725204538789858, 1.653329, 0.0, 0.0, 0.0, 1.0], [-0.39645973075721896, -0.008229840828268775, 0.9180152240610475, 2.569083, -0.917554090069608, -0.0293807502894185, -0.3965239757050827, 1.879382, 0.03023530526466739, -0.9995344122302006, 0.004096960236588093, 1.621711, 0.0, 0.0, 0.0, 1.0], [-0.4301686122402475, -0.17575410453881996, 0.8854747087190334, 2.607739, -0.9021287092341956, 0.0473489288490781, -0.4288611324336688, 1.901177, 0.033447825321588076, -0.9832947542189994, -0.17892084648428772, 1.549448, 0.0, 0.0, 0.0, 1.0], [-0.5314928663231301, -0.32671402512498116, 0.7815198518491111, 2.660285, -0.8467104795219265, 0.1783063669117624, -0.5012865481802573, 1.90879, 0.024427380444345947, -0.9281512728566186, -0.37140075091370794, 1.468857, 0.0, 0.0, 0.0, 1.0], [-0.6173618958449955, -0.4409957197557325, 0.6514499709999202, 2.691436, -0.7858200951597519, 0.3070097403754831, -0.5368722355995857, 1.913184, 0.03675687149080703, -0.8433669393992761, -0.5360794138245809, 1.38352, 0.0, 0.0, 0.0, 1.0], [-0.8164051355020759, -0.3445891465260369, 0.46340152656448474, 2.67244, -0.5759028820989344, 0.4265713027887764, -0.6974043260743563, 1.865558, 0.04264416860460843, -0.8362387480460014, -0.5467048848789245, 1.361871, 0.0, 0.0, 0.0, 1.0], [-0.9243053561654916, -0.24285679374498248, 0.29441498993035453, 2.59772, -0.37878015266495524, 0.48924654401741363, -0.7855974892488712, 1.805411, 0.04674617108274158, -0.8376505219355649, -0.5442025345311975, 1.353883, 0.0, 0.0, 0.0, 1.0], [-0.9822765421618918, -0.1458799195861122, 0.11769385616941697, 2.508914, -0.17742106173737235, 0.5211229470374947, -0.8348368948021765, 1.708152, 0.060452969906047475, -0.8409220672169961, -0.5377690166763354, 1.362393, 0.0, 0.0, 0.0, 1.0], [-0.9732653714398221, -0.1924960343027146, 0.125298816969011, 2.443696, -0.2114623746351849, 0.5380323962653459, -0.8159686297172332, 1.584147, 0.08965590259293757, -0.8206499968602318, -0.5643539685193573, 1.353441, 0.0, 0.0, 0.0, 1.0], [-0.9267286719651233, -0.26890766088659607, 0.2624169172790849, 2.472115, -0.3654571297456271, 0.48290712547262427, -0.7957649115699026, 1.442315, 0.0872642817872612, -0.8333602930811297, -0.5457981009859663, 1.379812, 0.0, 0.0, 0.0, 1.0], [-0.9292920445275621, -0.260517950406404, 0.26181423470436094, 2.388388, -0.35864577196708036, 0.4670989643448875, -0.8082028011322843, 1.317903, 0.08825817938254095, -0.8449550017746389, -0.5275050130075536, 1.389407, 0.0, 0.0, 0.0, 1.0], [-0.9988017954999427, 0.0005289493456257441, -0.04893560583747492, 2.203065, 0.041555335019382494, 0.5373127770805554, -0.8423586728451299, 1.166576, 0.02584816120186948, -0.8433828903876172, -0.5366909471603848, 1.446935, 0.0, 0.0, 0.0, 1.0], [-0.9988017954999427, 0.0005289493456257441, -0.04893560583747492, 2.203065, 0.041555335019382494, 0.5373127770805554, -0.8423586728451299, 1.166576, 0.02584816120186948, -0.8433828903876172, -0.5366909471603848, 1.446935, 0.0, 0.0, 0.0, 1.0], [-0.4792404149646488, 0.48667584414507015, -0.7303938987903682, 2.209925, 0.8776699418298372, 0.27038926194162355, -0.39570837776710577, 1.29639, 0.004908958435510036, -0.8306842178303062, -0.5567222219156793, 1.403621, 0.0, 0.0, 0.0, 1.0], [-0.1684407931694908, 0.4315963266536564, -0.8862010550746953, 2.086818, 0.985652738249218, 0.08358721382188228, -0.14663511607835733, 1.357548, 0.01078789962185478, -0.8981858318324584, -0.43948359777946605, 1.38972, 0.0, 0.0, 0.0, 1.0], [0.10854962520307049, 0.3844448444835823, -0.9167437703187663, 2.001886, 0.9937909974425961, -0.019311094475842394, 0.1095743356456928, 1.38236, 0.02442196286793452, -0.9229459589705884, -0.3841540375286169, 1.39205, 0.0, 0.0, 0.0, 1.0], [0.3659786017674825, 0.2861879186693755, -0.8855259105503406, 1.825611, 0.9306112858926976, -0.1077171621548656, 0.3497994390310578, 1.247361, 0.004722035308927508, -0.9520995159041904, -0.30575188339166104, 1.400862, 0.0, 0.0, 0.0, 1.0], [0.5292484705340886, 0.12121095240885676, -0.8397642296820373, 1.744381, 0.848105603873968, -0.04669561733212302, 0.5277654820083857, 1.146891, 0.024757647604318256, -0.9915278232798661, -0.1275132720425235, 1.470144, 0.0, 0.0, 0.0, 1.0], [0.5289039478190921, -0.017851966305443, -0.8484939135199545, 1.81637, 0.8486699517644285, 0.01638402115642501, 0.5286689671457063, 1.059127, 0.004463961641990255, -0.9997063924721972, 0.023816000854125163, 1.518067, 0.0, 0.0, 0.0, 1.0], [0.5072488522592395, 0.06420093020525369, -0.8594049350815158, 1.78197, 0.8593993274205376, -0.11205910111858958, 0.4988742866550864, 1.023842, -0.06427595126337549, -0.9916254325183849, -0.11201608666577462, 1.461879, 0.0, 0.0, 0.0, 1.0], [0.7597369446446988, 0.17175122585756633, -0.6271373783776256, 1.668019, 0.6457188774248387, -0.312704078215192, 0.6966084199927484, 1.038055, -0.07646506574341061, -0.9341935965762184, -0.3484758497182346, 1.412224, 0.0, 0.0, 0.0, 1.0], [0.9174712016758513, 0.09214489132323564, -0.38698309148914817, 1.701645, 0.3940960267466245, -0.34301999627311036, 0.8526579641681178, 1.056215, -0.05417486315620179, -0.9347976257778068, -0.35102490373502343, 1.409876, 0.0, 0.0, 0.0, 1.0], [0.9961706533804808, -0.053829892711397986, -0.06889391841218764, 1.781011, 0.04888401671968823, -0.31038300941299957, 0.9493538541434795, 1.063636, -0.07248711784072415, -0.9490862606309339, -0.3065630239098247, 1.40989, 0.0, 0.0, 0.0, 1.0], [0.9875898078348937, -0.10936575712960828, 0.11271868801625114, 1.805279, -0.1310722746314236, -0.17854392965881533, 0.9751626141341415, 1.055712, -0.08652416011486093, -0.9778349535322693, -0.1906629837356017, 1.456959, 0.0, 0.0, 0.0, 1.0], [0.9897553153077671, -0.06279461115465211, 0.1282234480504994, 1.815662, -0.12537842562015583, 0.04734103127881373, 0.9909788479813633, 1.033767, -0.06829836168631084, -0.9969030361912812, 0.03898294785635703, 1.489877, 0.0, 0.0, 0.0, 1.0], [0.9860541966729555, -0.03244605270060718, 0.16323104756081694, 1.814794, -0.15570306428615438, 0.16648895329441032, 0.9736724214040537, 1.024226, -0.05876799295155425, -0.9855093516020439, 0.15911518126616636, 1.534889, 0.0, 0.0, 0.0, 1.0], [0.9819577553318466, -0.028698988273969037, 0.18690996446335384, 1.818383, -0.18225999627749678, 0.11980615267055017, 0.975924064432888, 1.032658, -0.05040099701958732, -0.9923824131121689, 0.1124139032553364, 1.533818, 0.0, 0.0, 0.0, 1.0], [0.9818919006890173, -0.05081680104321405, 0.18249917285577869, 1.82391, -0.18454873166729613, -0.03904293497146838, 0.9820475624269968, 1.053246, -0.04277921225667111, -0.9979445385193247, -0.04771411780752721, 1.490643, 0.0, 0.0, 0.0, 1.0], [0.951853838058873, -0.10529967008100405, 0.28789972291307453, 1.862396, -0.3054422621613296, -0.24592720573863752, 0.9199047961410767, 1.064253, -0.026063297150648257, -0.9635516534978381, -0.2662497240997997, 1.449176, 0.0, 0.0, 0.0, 1.0], [0.9059338099950981, -0.14999591027207193, 0.39596105718797436, 1.863961, -0.423418908317994, -0.31960078149913984, 0.8476861261952666, 1.059102, -0.0005999888031632261, -0.9356049205550343, -0.35304825824049113, 1.415786, 0.0, 0.0, 0.0, 1.0], [0.9070364347062875, -0.18459025372740082, 0.37843274745212085, 1.851601, -0.4210098261288868, -0.410349011042776, 0.8089279420561144, 1.075338, 0.005969289591856081, -0.8930510217031666, -0.4499158145883505, 1.36694, 0.0, 0.0, 0.0, 1.0], [0.9855446313956217, -0.08607308953555895, 0.14592190646051864, 1.806542, -0.16926902933396046, -0.5361480322525661, 0.8269784055342924, 1.089209, 0.007055156667823165, -0.8397241873195658, -0.5429673231373021, 1.339697, 0.0, 0.0, 0.0, 1.0], [0.9907273174190978, 0.05760096279844515, -0.12305084966895191, 1.745851, 0.13345007683883445, -0.5825697191971133, 0.801750334746613, 1.080277, -0.02550410773322692, -0.8107371037267809, -0.5848545880211964, 1.32372, 0.0, 0.0, 0.0, 1.0], [0.9199161091519681, 0.212610118235189, -0.3294712274944858, 1.711657, 0.390449832628108, -0.5740310123967247, 0.7197480983006997, 1.05076, -0.03610097399498713, -0.7907498557893072, -0.6110739605365318, 1.298901, 0.0, 0.0, 0.0, 1.0], [0.9059941515569594, 0.2422200853895527, -0.3471369003411532, 1.725984, 0.42198422712386857, -0.5812101795411182, 0.6957902264737934, 1.057083, -0.03322513210293046, -0.7768681724923858, -0.6287860790166111, 1.284168, 0.0, 0.0, 0.0, 1.0]], "times": [0.0, 0.659644191011236, 1.319288382022472, 1.978932573033708, 2.638576764044944, 3.29822095505618, 3.957865146067416, 4.617509337078652, 5.277153528089888, 5.936797719101124, 6.59644191011236, 7.256086101123596, 7.915730292134832, 8.575374483146067, 9.235018674157304, 9.89466286516854, 10.554307056179775, 11.213951247191012, 11.873595438202248, 12.533239629213483, 13.19288382022472, 13.852528011235956, 14.512172202247193, 15.171816393258426, 15.831460584269664, 16.4911047752809, 17.150748966292134, 17.810393157303373, 18.47003734831461, 19.129681539325844, 19.78932573033708, 20.448969921348315, 21.10861411235955, 21.76825830337079, 22.427902494382025, 23.08754668539326, 23.747190876404495, 24.40683506741573, 25.066479258426966, 25.726123449438205, 26.38576764044944, 27.045411831460676, 27.70505602247191, 28.36470021348315, 29.024344404494386, 29.683988595505618, 30.343632786516853, 31.00327697752809, 31.662921168539327, 32.322565359550566, 32.9822095505618, 33.64185374157304, 34.30149793258427, 34.96114212359551, 35.62078631460675, 36.28043050561798, 36.94007469662922, 37.599718887640456, 38.25936307865169, 38.91900726966292, 39.57865146067416, 40.23829565168539, 40.89793984269663, 41.55758403370787, 42.2172282247191, 42.87687241573034, 43.53651660674158, 44.19616079775281, 44.85580498876405, 45.51544917977529, 46.17509337078652, 46.83473756179776, 47.49438175280899, 48.15402594382023, 48.81367013483146, 49.4733143258427, 50.13295851685393, 50.792602707865164, 51.45224689887641, 52.11189108988764, 52.77153528089888, 53.43117947191011, 54.09082366292135, 54.750467853932584, 55.41011204494382, 56.069756235955055, 56.7294004269663, 57.38904461797753, 58.04868880898877, 58.708333]}, "pred": {"convention": "camera_to_world_row_major", "poses": [[-0.961804968477855, 0.17729723062855737, -0.20855909144114446, 3.8950174443310788, 0.2654857320446615, 0.41854023039320293, -0.8685282963859694, 2.4096220270734654, -0.06669729148939774, -0.8907242937934547, -0.44962395816296286, 1.4767688639704701, 0.0, 0.0, 0.0, 1.0], [-0.986294150474396, 0.13548568288014315, -0.0941672898329906, 3.8742992471234206, 0.14482781808032769, 0.43745922638146406, -0.8874989173874085, 2.4020496879069593, -0.07904904711684178, -0.8889730338926106, -0.4510855718837471, 1.472569631504113, 0.0, 0.0, 0.0, 1.0], [-0.9892897184613333, 0.1040363374839705, -0.102383071987592, 3.861315819316956, 0.12916647916329474, 0.29727205307546706, -0.9460155110360793, 2.423437033558719, -0.06798436296129567, -0.9491078795074974, -0.30752619311130036, 1.5191016121097378, 0.0, 0.0, 0.0, 1.0], [-0.9968661356165238, 0.06817623004155499, -0.040123675284036486, 3.8637470300951007, 0.04983401413620165, 0.1472981566984006, -0.9878359297314134, 2.4706445124222443, -0.06143678617937861, -0.9867397096958116, -0.15023403946301572, 1.5626957554647087, 0.0, 0.0, 0.0, 1.0], [-0.9919887438500758, 0.06730541505736541, -0.10690328890499079, 3.8792138855599836, 0.1062219051601955, -0.01363267587289851, -0.9942489914567088, 2.534558052317681, -0.06837571892774943, -0.9976392791247248, 0.006374151599480879, 1.6056461345924327, 0.0, 0.0, 0.0, 1.0], [-0.9883589903590668, 0.05725190102392148, -0.14095646847715868, 3.8828921652819743, 0.13076418440744358, -0.15388871685662409, -0.979397258981501, 2.5692434649021663, -0.0777639650009002, -0.9864281436847637, 0.14461079867689663, 1.6447337326610192, 0.0, 0.0, 0.0, 1.0], [-0.9847992609492184, 0.05942233475716887, -0.16321581346756575, 3.89953698130311, 0.14289791957183745, -0.25702373021368563, -0.9557818719190496, 2.60232286680435, -0.0987451275553023, -0.9645764812802816, 0.24462545154794849, 1.6699738557783483, 0.0, 0.0, 0.0, 1.0], [-0.9832424439052737, 0.054932366883443766, -0.17382960499226532, 3.8896471714279937, 0.15101485818413785, -0.28871252197691916, -0.9454309029544948, 2.6078951634678678, -0.10212154087561058, -0.9558386447106594, 0.275578802100019, 1.6815352006224695, 0.0, 0.0, 0.0, 1.0], [-0.9845074170084175, 0.06504786618986175, -0.16283095823448, 3.884094768019151, 0.14407658834990847, -0.22917099029910984, -0.9626643204641875, 2.59217920220352, -0.09993539185325759, -0.9712102925265317, 0.21624866507256135, 1.6704950850914433, 0.0, 0.0, 0.0, 1.0], [-0.9714670058682308, 0.07235784469667529, -0.22586765775618692, 3.832643607823029, 0.2301469906487934, 0.05748670554843956, -0.9714564536717488, 2.497596155078406, -0.057308107670017844, -0.9957206540973422, -0.07249937792314383, 1.6025896474445163, 0.0, 0.0, 0.0, 1.0], [-0.9520346730430242, 0.12369126296441575, -0.27987578099958765, 3.7786933638614424, 0.29839736291506924, 0.17280157264887538, -0.9386685412302936, 2.4623181873854088, -0.06774212226667994, -0.9771591927400282, -0.20142223540230866, 1.5653537759613714, 0.0, 0.0, 0.0, 1.0], [-0.8888862047776801, 0.22196153714884567, -0.40076725288183546, 3.808331779625286, 0.45040921863053457, 0.2635000025907081, -0.8530529200508767, 2.405209479033213, -0.0837427652311695, -0.9387762378017557, -0.3341950397750076, 1.5273778594456082, 0.0, 0.0, 0.0, 1.0], [-0.7844046838641408, 0.30704146806248683, -0.5389200579140008, 3.8528823330798416, 0.6158125155706623, 0.28178459498428093, -0.73578012184081, 2.380415158615669, -0.07405563853299597, -0.9090230904215678, -0.4101131349784993, 1.5074922660117325, 0.0, 0.0, 0.0, 1.0], [-0.5770684887533186, 0.3654946144524874, -0.730346250825037, 3.9199818601518763, 0.8140791792833413, 0.18589984279041888, -0.5501966360382969, 2.357941012032196, -0.06532265415092678, -0.9120608177400918, -0.40481849710450907, 1.5147079385598434, 0.0, 0.0, 0.0, 1.0], [-0.3778318442761701, 0.37850569110373616, -0.8449713245151874, 3.9379073971623204, 0.9223778286412172, 0.074640487051631, -0.3790091541424933, 2.3344460337956967, -0.08038805061687165, -0.9225845432776221, -0.3773268103689972, 1.5232665577844464, 0.0, 0.0, 0.0, 1.0], [-0.22152452399921033, 0.273210896336934, -0.9360997229941322, 3.9503054048400505, 0.9709747643183927, -0.02698842356557675, -0.2376544383138803, 2.3607444931637116, -0.09019363793397064, -0.9615754942365233, -0.25930228799611815, 1.5561076491764116, 0.0, 0.0, 0.0, 1.0], [-0.30040633129903893, 0.18902712216049347, -0.9348929260632862, 3.892689492670697, 0.9504967793970378, -0.022314793410078734, -0.3099321253934859, 2.336014491315699, -0.07944752023386223, -0.9817182880453983, -0.17296616561022202, 1.5730701657043356, 0.0, 0.0, 0.0, 1.0], [-0.3512907510202783, 0.08865969953426243, -0.932059153662525, 3.8593474850590583, 0.931051094469171, -0.07184855620514219, -0.35774522283182875, 2.3333607742446794, -0.09868468845452706, -0.9934672831300138, -0.05730697701765598, 1.6042109305793575, 0.0, 0.0, 0.0, 1.0], [-0.3115254125170988, 0.0403489534124675, -0.9493807873106391, 3.8549949926988227, 0.9460013029296206, -0.08106918477069833, -0.3138619475757992, 2.3360737622112513, -0.08962952756491961, -0.9958914344641855, -0.012915051271924114, 1.6109079485221316, 0.0, 0.0, 0.0, 1.0], [-0.18069640454958827, 0.07229099744645096, -0.9808785964996115, 3.880276225012276, 0.9819308086678487, -0.04374675748189111, -0.1841143888964809, 2.352996313572316, -0.05622007089781666, -0.9964237215652876, -0.06307987579431859, 1.6078620828704828, 0.0, 0.0, 0.0, 1.0], [-0.0389850698729473, 0.06556641488431803, -0.997086360134476, 3.9009001509168337, 0.9991498951894318, -0.010826869225794436, -0.03977770538523421, 2.3579959176576177, -0.013403405162433811, -0.9977894688470034, -0.06508859030634041, 1.6159509393642832, 0.0, 0.0, 0.0, 1.0], [0.10313254501881221, 0.023930574706488884, -0.9943797090408469, 3.9519334258876486, 0.9946573575104463, 0.002060456413336554, 0.10321092805369354, 2.4035251048780975, 0.004518772873099949, -0.9997114994405067, -0.023590222087454947, 1.6285767425183657, 0.0, 0.0, 0.0, 1.0], [0.14266978903714087, -0.009179913770357971, -0.9897277708942323, 3.9846135600852426, 0.9891540535655052, 0.03660445298960872, 0.1422475740962236, 2.3927723276234296, 0.03492262319796222, -0.9992876678937355, 0.014302698503178743, 1.631844221782973, 0.0, 0.0, 0.0, 1.0], [0.16798946808328674, 0.14809099584313298, -0.9746017625488282, 4.0054294826350905, 0.9842742718352506, 0.02958426306182972, 0.17415202893528114, 2.3525857118356233, 0.05462322231689542, -0.9885311468685636, -0.14079231248346427, 1.5982518807057495, 0.0, 0.0, 0.0, 1.0], [0.14766723058677544, 0.29606329778824597, -0.9436847528245753, 3.9953297336916345, 0.9874792878503124, 0.00939772592784753, 0.15746853277408984, 2.368932736444396, 0.055489143780307476, -0.955122089813723, -0.29096863829697356, 1.557589382088581, 0.0, 0.0, 0.0, 1.0], [0.19097281715321432, 0.4269111268212565, -0.8838983385575342, 4.0367702635770275, 0.9815051262709024, -0.07084239381732681, 0.17784555755534215, 2.4244809038643633, 0.013306773181532101, -0.9015144175410816, -0.4325444309583233, 1.5170221777929056, 0.0, 0.0, 0.0, 1.0], [0.18987861871562983, 0.5357215678776921, -0.8227688082719903, 4.156645733321506, 0.9817180204495723, -0.09227916129915238, 0.16647607850528404, 2.484935075737729, 0.013260410220538098, -0.8393372135802105, -0.5434493568127495, 1.4754816368079327, 0.0, 0.0, 0.0, 1.0], [0.28317670796436223, 0.6164815974614933, -0.7346845527556647, 4.224932308942561, 0.9587306315440612, -0.16165054077841357, 0.23389031361980744, 2.4989184626578345, 0.02542691891660844, -0.7705968742847142, -0.6368154592478398, 1.4531946100834758, 0.0, 0.0, 0.0, 1.0], [0.30155792497558154, 0.6678158412347776, -0.6805033578758499, 4.262316864553011, 0.9526608445758612, -0.1820499109109175, 0.24350594479259294, 2.512940515575627, 0.03873155169145619, -0.72172005108159, -0.6911005967081487, 1.4369806447766644, 0.0, 0.0, 0.0, 1.0], [0.2702160839297174, 0.6879488277114172, -0.6735797491286196, 4.328008441970477, 0.961985305155616, -0.1641449395836401, 0.21826752271865654, 2.5652658373116743, 0.0395921791562942, -0.706953215750215, -0.7061512657285878, 1.4340351448014184, 0.0, 0.0, 0.0, 1.0], [0.29104208038560037, 0.6352609146183372, -0.7153587056876392, 4.372011006101711, 0.9555019582741084, -0.15544153912969738, 0.25070687195873576, 2.624489861959616, 0.04806781853969405, -0.7564928937348083, -0.6522330768594699, 1.4484572327417222, 0.0, 0.0, 0.0, 1.0], [0.3066943235310403, 0.5334174274759909, -0.788292103207138, 4.43471436301365, 0.9517050413953724, -0.15967545220927049, 0.2622236910433482, 2.614848937497022, 0.014003788647005142, -0.8306440862527471, -0.5566276096968864, 1.4836709514844058, 0.0, 0.0, 0.0, 1.0], [0.24004107419413764, 0.576434259413514, -0.781091433363673, 4.359715245576502, 0.9691904946722406, -0.09652917259843878, 0.22660958469234688, 2.5234484886260553, 0.05522741834181309, -0.8114220008182265, -0.5818455713086114, 1.4725611571449573, 0.0, 0.0, 0.0, 1.0], [0.22409908749462548, 0.5741046640595278, -0.7875172592960564, 4.170925176654894, 0.9735460794843878, -0.09490949989688305, 0.2078466212135793, 2.3983178389256943, 0.04458284540777717, -0.8132625784667705, -0.5801864772303181, 1.4618169622764094, 0.0, 0.0, 0.0, 1.0], [0.14165853953559424, 0.5228082445120656, -0.8405976431366282, 3.9335262757338665, 0.989912063936832, -0.07707813719492182, 0.11888257415989133, 2.2971553692839333, -0.002638910563804671, -0.8489584796895386, -0.528452964713288, 1.4637275311517621, 0.0, 0.0, 0.0, 1.0], [0.11183487855502507, 0.5228154772345, -0.8450780654487751, 3.7724167553754264, 0.9937164359758297, -0.054952887200930965, 0.09750807689507558, 2.228506366250022, 0.004539252149529788, -0.8506727672568013, -0.5256759821768343, 1.4588939211890128, 0.0, 0.0, 0.0, 1.0], [0.38453214746711256, 0.5714058438550634, -0.7250037166612411, 3.6097547565329187, 0.9228675869654555, -0.2199050961604731, 0.31616003164728146, 2.1469320901704503, 0.02122367764756787, -0.7906561264487463, -0.6118925111620312, 1.425096389030607, 0.0, 0.0, 0.0, 1.0], [0.5701944111812391, 0.5433398186916679, -0.6161657040778759, 3.535264883395507, 0.8196642548019252, -0.326027653231006, 0.4710164314848124, 2.030998496541054, 0.05503492398181405, -0.7736199394746673, -0.6312553733549745, 1.4142242949210102, 0.0, 0.0, 0.0, 1.0], [0.6891618927926653, 0.4656291781742282, -0.5551984815858405, 3.476151169507901, 0.7227337093221767, -0.3866417364276215, 0.5728561364440818, 1.9221200116826465, 0.052075627042193255, -0.796051277296272, -0.6029846540195997, 1.426584240229119, 0.0, 0.0, 0.0, 1.0], [0.761623100840311, 0.4301657239273634, -0.48465214558942804, 3.425063486898721, 0.6459961998791183, -0.4449323443217038, 0.6202613309872947, 1.8139684981183994, 0.051177749150651854, -0.785488802551914, -0.6167561747217724, 1.4351623950025194, 0.0, 0.0, 0.0, 1.0], [0.8053822062692149, 0.43330231519650697, -0.4044856060112374, 3.369393720920983, 0.5868394408809721, -0.4866834817934702, 0.6471156459056545, 1.7329249930419643, 0.08354024450191247, -0.7585435334868603, -0.6462451047039578, 1.413044944628918, 0.0, 0.0, 0.0, 1.0], [0.7038294726327767, 0.5295732802009638, -0.4734725064358633, 3.2710290892060625, 0.7046571807684024, -0.43612731388342524, 0.5596885059355384, 1.6781914841321945, 0.089901785549534, -0.7275610675276819, -0.6801268719680074, 1.3883424015247385, 0.0, 0.0, 0.0, 1.0], [0.31002250563006567, 0.5903552941612448, -0.7452292752292046, 3.300754318499834, 0.9503183173318129, -0.16938215613066732, 0.26116045054364134, 1.6083407174852324, 0.02794891315395751, -0.789170648111241, -0.6135377302278945, 1.4161213327196058, 0.0, 0.0, 0.0, 1.0], [0.023968501414830007, 0.5710854546088932, -0.8205406232930095, 3.325227343697579, 0.9985762627535916, 0.025448559293261636, 0.046880894775665566, 1.6144796640731216, 0.04765457380983467, -0.8204960538381956, -0.569662415146859, 1.434889409928278, 0.0, 0.0, 0.0, 1.0], [-0.2505107900516029, 0.4649524799777499, -0.8491546004293099, 3.3034461781951414, 0.9677716992528349, 0.0969533094042486, -0.23241771430087693, 1.6819438631582078, -0.025734843947488883, -0.8800109358173364, -0.47425570175686294, 1.484088666417087, 0.0, 0.0, 0.0, 1.0], [-0.404205567931212, 0.31088882160988823, -0.8602127640598113, 3.2517930518708367, 0.9119823911520434, 0.06496493979036483, -0.4050526815448021, 1.7724148643551871, -0.07004268043134006, -0.948223442652653, -0.3097843212978087, 1.5333158166881227, 0.0, 0.0, 0.0, 1.0], [-0.4912652728177256, 0.1650184799640418, -0.8552352500883498, 3.111860822265061, 0.8666497592362419, -0.00551699056904102, -0.4988865177881888, 1.750277579863005, -0.08704381964900978, -0.9862750448457157, -0.14030292005333486, 1.5625958574818186, 0.0, 0.0, 0.0, 1.0], [-0.5900419338802351, 0.10792991068330245, -0.8001260217258065, 3.085943913434523, 0.8010153370676457, -0.04586377420474794, -0.5968843640087257, 1.6881792460679685, -0.10111847529149737, -0.9931000194318749, -0.0593919637588506, 1.5821553731810845, 0.0, 0.0, 0.0, 1.0], [-0.7272516162900974, 0.052451575329736766, -0.6843638789773093, 3.0053504739586683, 0.6819665745669917, -0.057554816194620176, -0.7291152407583912, 1.5948940516627221, -0.07763168023947428, -0.996963527606819, 0.006086611944553843, 1.5802339253685145, 0.0, 0.0, 0.0, 1.0], [-0.8870012274133748, 0.0748350018492127, -0.455662753651639, 2.8456957117755657, 0.44649987868357716, -0.11264575577607122, -0.8876647971172384, 1.5126792999481584, -0.11775687199784435, -0.990813128800717, 0.06650310438