{"bundle_id": "scene0645_00_counting", "scene_id": "scene0645_00", "dataset": "scannet", "split": "val", "video_duration_s": 187.625, "fps": 0.48, "num_frames": 90, "image_width": 1296, "image_height": 968, "intrinsics_color": [[1169.62109375, 0.0, 646.2950439453125], [0.0, 1167.1051025390625, 489.9270324707031], [0.0, 0.0, 1.0]], "vsi": {"question_id": 4429, "question_type": "object_counting", "question": "How many lamp(s) are in this room?", "ground_truth": "3", "prediction": "3", "prior_prediction": "2", "score": 1.0, "prior_score": 0.4, "options": null, "objects": [{"object_id": 12, "label": "lamp", "role": "target", "parsed_label": "lamp", "aabb_min": [6.614684104919434, 5.714176177978516, 0.7622076272964478], "aabb_max": [6.882429122924805, 6.029901027679443, 1.497627854347229], "centroid": [6.747814633065346, 5.863127342790947, 1.2098536899963843], "n_verts": 922, "first_seen_t": 31.27}, {"object_id": 33, "label": "lamp", "role": "target", "parsed_label": "lamp", "aabb_min": [1.5340617895126343, 2.359402656555176, 0.7501180768013], "aabb_max": [1.9003136157989502, 2.7697155475616455, 1.438873529434204], "centroid": [1.7344024338136101, 2.58179165110176, 1.1166839275831058], "n_verts": 1863, "first_seen_t": 93.81}, {"object_id": 34, "label": "lamp", "role": "target", "parsed_label": "lamp", "aabb_min": [0.8582066893577576, 6.8694748878479, 1.4134291410446167], "aabb_max": [1.329679012298584, 7.2424163818359375, 1.7042311429977417], "centroid": [1.1409862441752887, 7.048716067191441, 1.5405204982305487], "n_verts": 886, "first_seen_t": 156.35}], "task_data": {}}, "gt": {"poses": [[-0.8494049535715248, 0.08429006625882512, -0.5209668027602514, 4.101382, 0.5273470470012342, 0.17373043272806782, -0.83169876082822, 4.049328, 0.02040384442290305, -0.9811793523480818, -0.19201760767847526, 1.453199, 0.0, 0.0, 0.0, 1.0], [-0.911629875547389, 0.0736823453432506, -0.4043536595533297, 4.037571, 0.41099821847519535, 0.1715167273874833, -0.8953560613725151, 4.359817, 0.003381481874517339, -0.9824219685099704, -0.1866430855116969, 1.470888, 0.0, 0.0, 0.0, 1.0], [-0.9794815073712334, 0.10455513363763232, -0.1722910350186383, 4.322326, 0.20056489153382595, 0.4219680286212509, -0.884147446473449, 4.596775, -0.019740846025473144, -0.9005616063610044, -0.4342799697737468, 1.368215, 0.0, 0.0, 0.0, 1.0], [-0.9993000948242305, 0.03433028846647894, -0.014857717795563049, 4.112887, 0.030810085401211593, 0.5300989521553867, -0.8473758549553625, 4.794864, -0.02121459690529839, -0.8472405397628053, -0.5307856522746037, 1.312933, 0.0, 0.0, 0.0, 1.0], [-0.8898274667649224, 0.17585230815317127, -0.4210499318464772, 3.461138, 0.4553151547746281, 0.28168691116015027, -0.8445949288940884, 4.771074, -0.029919712954462996, -0.9432541809068518, -0.3307209714827091, 1.415258, 0.0, 0.0, 0.0, 1.0], [-0.6622278976262063, 0.0635627972927898, -0.7466016222898868, 2.923154, 0.7492623015020713, 0.06649206889660002, -0.6589270128941969, 4.458072, 0.007759842356275193, -0.9957603002601407, -0.09165811078371756, 1.554769, 0.0, 0.0, 0.0, 1.0], [-0.26884524199698867, 0.45682407276686543, -0.8479587268235849, 3.360162, 0.9631215699099239, 0.11752721239236753, -0.24204172351378506, 4.261808, -0.010912260527721873, -0.8817591059285828, -0.47157374999272605, 1.289943, 0.0, 0.0, 0.0, 1.0], [-0.23411416037087865, 0.3956509939829502, -0.8880601617425152, 3.531821, 0.9719888734939064, 0.07581169313209829, -0.22246396784309086, 4.766279, -0.02069274553764483, -0.9152665612512829, -0.4023169548221479, 1.31013, 0.0, 0.0, 0.0, 1.0], [-0.3963637411329515, 0.23963769232995275, -0.8862672063942487, 3.036923, 0.9163488260658565, 0.1627459154476701, -0.36581224142013985, 4.93447, 0.056573966475911286, -0.9571246227215529, -0.2840982979486285, 1.463344, 0.0, 0.0, 0.0, 1.0], [-0.3873564744959281, 0.4703310131040992, -0.792933603638134, 2.74573, 0.9181618874708501, 0.27448834969083863, -0.2857182078201631, 4.324199, 0.0832689021306961, -0.8387162118359653, -0.5381648501541856, 1.398624, 0.0, 0.0, 0.0, 1.0], [0.14359387310109198, 0.06093386049706373, -0.98775901122326, 2.906217, 0.9892779911834226, 0.018032889879272374, 0.1449271232126494, 4.034499, 0.026643118584728342, -0.9979788973357737, -0.05769111460661597, 1.636916, 0.0, 0.0, 0.0, 1.0], [0.4450029390797843, 0.18088086727919872, -0.8770715455780553, 3.157965, 0.8920153468706581, -0.17620423493224435, 0.41624594717445873, 4.092208, -0.07925279274305469, -0.9675919488318759, -0.2397599119914734, 1.433339, 0.0, 0.0, 0.0, 1.0], [0.25259585397417017, 0.41739696564687784, -0.8729118555867132, 3.461755, 0.9656476706290957, -0.16561790693159842, 0.20023807108588998, 4.776493, -0.06099107117981478, -0.8935046065759122, -0.44489280423936206, 1.354041, 0.0, 0.0, 0.0, 1.0], [0.4234688176088798, 0.34061626360225244, -0.8394371456413985, 3.605557, 0.905419289076089, -0.18965119231282296, 0.379800389972515, 4.961832, -0.029834065795447617, -0.9208762056997487, -0.38871190140533046, 1.397205, 0.0, 0.0, 0.0, 1.0], [0.6722367256926994, 0.3365321025766863, -0.6594269698497883, 3.465916, 0.7401762002629442, -0.2869893694218483, 0.6080923403588967, 5.512684, 0.015394063604806607, -0.8968741526959985, -0.44201784696046675, 1.358914, 0.0, 0.0, 0.0, 1.0], [0.880760243032026, 0.2742562000830531, -0.3860633769346311, 2.637431, 0.4701368730106729, -0.4085100292306181, 0.7823623691447246, 5.44798, 0.05685696905316981, -0.8705762992030073, -0.48873734493701515, 1.284198, 0.0, 0.0, 0.0, 1.0], [0.9238706514024535, 0.14743208899676394, -0.35316681414206647, 2.682192, 0.38247705395144305, -0.38753407851156996, 0.8387661421354664, 5.32272, -0.013203131364624199, -0.9099896247354906, -0.414420752612523, 1.410981, 0.0, 0.0, 0.0, 1.0], [0.5625382936872769, 0.11428039078079749, -0.8188349408875975, 3.258051, 0.8250753922104535, -0.1409992948857069, 0.5471469601583288, 5.704193, -0.05292698087151154, -0.9833916773721048, -0.17360744100154518, 1.554251, 0.0, 0.0, 0.0, 1.0], [0.7452185485283072, -0.00512265170982501, -0.6668006249013444, 3.365339, 0.6639276877724105, -0.08734030181435365, 0.742678730736352, 5.941974, -0.06204305229874019, -0.9961653628381375, -0.06168654264114942, 1.61701, 0.0, 0.0, 0.0, 1.0], [0.9589884281515082, 0.12487515391258533, -0.25445508563754027, 3.095784, 0.2816290846147421, -0.5212478842549138, 0.8055964882364114, 5.523575, -0.03203518956651068, -0.8442196628218773, -0.5350391644864454, 1.336816, 0.0, 0.0, 0.0, 1.0], [0.9991079530700542, -0.033529040761158965, -0.0256729729054341, 2.635225, 0.009847041138681593, -0.40620981975857856, 0.9137267743217972, 5.530572, -0.04106499595738109, -0.913164489978306, -0.4055172996922333, 1.386438, 0.0, 0.0, 0.0, 1.0], [0.8753523960453715, -0.23353479123249532, 0.4233434586970989, 2.959461, -0.48085790662158956, -0.32935519913828776, 0.812588965246318, 5.62957, -0.05033742521355375, -0.9148697470594237, -0.4005989135510684, 1.394755, 0.0, 0.0, 0.0, 1.0], [0.9938612527543399, 0.010088876158988555, 0.11017270465692965, 3.922521, -0.0976822157050351, -0.38751921610750395, 0.9166717198007044, 5.461203, 0.05194222760461327, -0.9218064177067085, -0.38415482980979976, 1.357497, 0.0, 0.0, 0.0, 1.0], [0.9932345152450086, 0.03580181602783096, -0.11046912552891064, 4.177521, 0.114994922091237, -0.4356707563490079, 0.8927301719755604, 5.3547, -0.016166806092831082, -0.899393808090423, -0.43684025953357836, 1.371384, 0.0, 0.0, 0.0, 1.0], [0.9236698510883483, -0.05827593577805948, 0.3787319916505858, 3.203819, -0.38181499806064656, -0.22360096295229986, 0.8967830934081844, 5.539539, 0.03242396407560852, -0.9729370610044594, -0.2287840944594443, 1.501121, 0.0, 0.0, 0.0, 1.0], [0.7133343030878967, -0.3049294237971618, 0.6310088894309144, 2.893908, -0.7007891264645048, -0.3013849892193502, 0.6465769006872799, 5.963089, -0.006983714428676846, -0.9034296512601208, -0.4286794757820761, 1.377741, 0.0, 0.0, 0.0, 1.0], [0.47726039252989716, -0.37640229130186964, 0.7940679018981383, 2.793076, -0.8764954741728894, -0.2687561490592095, 0.39940683030877944, 6.650829, 0.06307298531582822, -0.88661798281197, -0.4581815699892161, 1.318123, 0.0, 0.0, 0.0, 1.0], [0.13903196332304246, -0.5364533435311812, 0.8323988967969365, 2.790104, -0.9901931787110215, -0.06368313208448262, 0.12434599922021417, 6.331611, -0.013696058144712586, -0.8415237779778578, -0.5400464323455623, 1.308011, 0.0, 0.0, 0.0, 1.0], [0.29641045126287474, -0.44768692362867696, 0.8436333698912286, 2.843363, -0.9544996929604781, -0.10859073713664241, 0.2777379843422112, 5.503677, -0.03272889427543596, -0.887572233804107, -0.4595044605436335, 1.270765, 0.0, 0.0, 0.0, 1.0], [0.7373555530510645, -0.26599088068394183, 0.6209312681591581, 3.638068, -0.6749028162590825, -0.32888629487897747, 0.6605603633630598, 4.999218, 0.028512751363525435, -0.9061361136351204, -0.4220241303242298, 1.36799, 0.0, 0.0, 0.0, 1.0], [0.9568293251475238, -0.1238159683954299, 0.26295864410214054, 4.559874, -0.29053434348143947, -0.4330051164167098, 0.8532856288575125, 5.009323, 0.008212051847331231, -0.892847229444799, -0.45028478441671027, 1.354347, 0.0, 0.0, 0.0, 1.0], [0.9277324016208065, -0.08154912670412615, 0.3642284048734873, 4.431312, -0.37311964232988526, -0.22801994476951626, 0.899326768919354, 5.000459, 0.009712028135724804, -0.9702353553242127, -0.2419690719666251, 1.48998, 0.0, 0.0, 0.0, 1.0], [0.6530921946555945, -0.18593125292062374, 0.7340981912982119, 3.901994, -0.7570121974927568, -0.13459295798499965, 0.6393881985992824, 5.08577, -0.02007780184996072, -0.9733007268302101, -0.22865383667163464, 1.504666, 0.0, 0.0, 0.0, 1.0], [0.18313490637533336, -0.4946950414757013, 0.8495518948282397, 3.812469, -0.9827718916986669, -0.07021919355953754, 0.17096395451343638, 5.412282, -0.02492017162705834, -0.8662251905799107, -0.4990319671633027, 1.304449, 0.0, 0.0, 0.0, 1.0], [0.34048596414896753, -0.32220422108047914, 0.8833197315442861, 4.419062, -0.9401934751358476, -0.12693501620200281, 0.31610715109559834, 5.131171, 0.01027314603839613, -0.9381214961718545, -0.3461538976968983, 1.428192, 0.0, 0.0, 0.0, 1.0], [0.5750473632957892, -0.34848040288817694, 0.7401904746546354, 4.708975, -0.8108236214818136, -0.12219382727957873, 0.5723929798852226, 4.739496, -0.10902102922682866, -0.9293169950978312, -0.3528233804733759, 1.393184, 0.0, 0.0, 0.0, 1.0], [0.6851034937311649, -0.30531629990664955, 0.661373691560728, 5.045546, -0.7281203726828479, -0.314155448040502, 0.6092184151440783, 4.578444, 0.02176983604767818, -0.8989373234423992, -0.437536013101405, 1.372826, 0.0, 0.0, 0.0, 1.0], [0.5310592935410378, -0.43225929208148395, 0.7287852435065548, 5.069904, -0.8472152265807494, -0.28531683704933253, 0.44813018459583154, 4.819934, 0.01422626421177886, -0.8554216544519896, -0.5177368120012306, 1.336739, 0.0, 0.0, 0.0, 1.0], [0.5053961184539351, -0.43836593684654207, 0.7432429406757591, 5.038742, -0.8628841847339619, -0.2591235771154239, 0.4339191808608067, 4.80486, 0.0023763812199578682, -0.8606336486540374, -0.5092190841050017, 1.35525, 0.0, 0.0, 0.0, 1.0], [0.7328780638239596, -0.45326825160836237, 0.5073831251131072, 5.869299, -0.6798947541602671, -0.4603479051748958, 0.5708090131264882, 4.964365, -0.02515684461522713, -0.7633005294672497, -0.6455535879259149, 1.271369, 0.0, 0.0, 0.0, 1.0], [0.7009023993813288, -0.5231261464287323, 0.4848451932979442, 6.583732, -0.7129942073025469, -0.5323328555341551, 0.45635621094915013, 4.804703, 0.019367160207657386, -0.665552977486749, -0.7460992878055936, 1.257561, 0.0, 0.0, 0.0, 1.0], [0.9648961932478227, 0.17948724302590163, -0.19172810395667483, 6.541445, 0.25775180301019696, -0.5071030393949013, 0.8224418006652178, 4.596274, 0.05039190709680667, -0.8429892271123126, -0.5355649528037966, 1.404526, 0.0, 0.0, 0.0, 1.0], [0.9776230064012965, -0.13442917471394236, 0.1618086967397585, 6.913678, -0.2103500761947403, -0.6337196420490971, 0.7444140385068185, 4.296607, 0.0024703845364061477, -0.7617927620205462, -0.6478160888194655, 1.300125, 0.0, 0.0, 0.0, 1.0], [0.8378258868095321, -0.25793783437512635, 0.4811609470745638, 6.651744, -0.5413280197008692, -0.5067911236238396, 0.6709148471324969, 4.560789, 0.07079377429235378, -0.8225757294097341, -0.5642316996655605, 1.30984, 0.0, 0.0, 0.0, 1.0], [0.11663297713549167, -0.543412717008624, 0.83132386447029, 6.29122, -0.9916274662431093, -0.11042586577869343, 0.06694099162170453, 4.912761, 0.05542307134021901, -0.8321711044973451, -0.5517422731700788, 1.37443, 0.0, 0.0, 0.0, 1.0], [-0.19877054807206013, -0.4418225977326041, 0.8748045846655965, 6.183529, -0.9797687387903745, 0.06835094706411379, -0.18809935280207107, 5.003037, 0.02331282282891045, -0.8944947960543161, -0.44647012455873875, 1.435129, 0.0, 0.0, 0.0, 1.0], [-0.6228189906868791, -0.4004091030625514, 0.6721376756472, 6.299627, -0.7816910947058189, 0.3541551011392965, -0.5133548449120096, 5.175929, -0.0324890334943328, -0.8451311818420013, -0.5335707527413269, 1.376884, 0.0, 0.0, 0.0, 1.0], [-0.9542652239782915, -0.1075577346493533, 0.27894303365160517, 6.383752, -0.28917720478998654, 0.5688296337471509, -0.7699411613889287, 5.307421, -0.07585793653607646, -0.8153920415899223, -0.5739175829126576, 1.366784, 0.0, 0.0, 0.0, 1.0], [-0.9956266703808725, 0.0597267908881193, 0.07183483609297572, 6.180815, -0.015176991927382241, 0.6553102474980612, -0.7552073479780677, 5.17257, -0.09218021556892778, -0.7529948140420601, -0.6515378867598027, 1.285886, 0.0, 0.0, 0.0, 1.0], [-0.7524301681846547, -0.39198097181030334, 0.5293389837752956, 5.247707, -0.657183171502697, 0.5007690533556676, -0.5633299515336689, 5.241055, -0.044261959957387215, -0.7717391223333951, -0.6343970412610797, 1.300486, 0.0, 0.0, 0.0, 1.0], [-0.3129290642420596, -0.5471617418564262, 0.7763307471698072, 4.509817, -0.9469590635796926, 0.11683003724829205, -0.2993647846705333, 5.539246, 0.07310220692196001, -0.8288333793020192, -0.5546992849264678, 1.295272, 0.0, 0.0, 0.0, 1.0], [-0.20055031120648564, -0.3789511474620668, 0.9034243745395433, 4.049798, -0.979593992548121, 0.09002624208997453, -0.17969664854634715, 5.417802, -0.013235650290554735, -0.9210273088092125, -0.38927305839095255, 1.409444, 0.0, 0.0, 0.0, 1.0], [-0.6310070119585629, -0.17156995603045766, 0.7565671821106391, 3.834089, -0.7756515287858664, 0.12198202634197755, -0.6192617307259132, 5.324676, 0.013959109974294392, -0.9775909857589788, -0.21005001264345033, 1.50632, 0.0, 0.0, 0.0, 1.0], [-0.7459205391647298, -0.34634582354635496, 0.5688999206927312, 3.928412, -0.6652419080769614, 0.34575544620011234, -0.6617449472123567, 5.271919, 0.03249235279757906, -0.8720652165606413, -0.48830984535919336, 1.399976, 0.0, 0.0, 0.0, 1.0], [-0.8525949020494358, -0.31555815745127236, 0.4165392925826704, 4.530155, -0.49908064012128883, 0.25539477573339514, -0.8280652288221103, 5.568521, 0.15492077864327317, -0.9138908894359584, -0.3752372510166269, 1.29962, 0.0, 0.0, 0.0, 1.0], [-0.8035719401309612, -0.11568687548974196, 0.5838567323184548, 3.870867, -0.5887362980759505, 0.2987426680759424, -0.7510941283212731, 5.236115, -0.08753118508273716, -0.9472958171079868, -0.30817028819748893, 1.426177, 0.0, 0.0, 0.0, 1.0], [-0.4975819927964989, -0.3055609830396077, 0.8118156478465623, 3.206251, -0.8666304858354223, 0.21496672430667357, -0.45026759650403286, 4.549769, -0.03692914113982182, -0.927589237262231, -0.37177203424941474, 1.354683, 0.0, 0.0, 0.0, 1.0], [-0.6020041361986782, -0.43166103441426973, 0.6717587151411482, 3.244847, -0.7984702000866113, 0.31907791756404197, -0.5105238702515698, 4.237063, 0.006029889993235005, -0.8437167972082797, -0.5367546986615696, 1.320551, 0.0, 0.0, 0.0, 1.0], [-0.9994087430909138, 0.03130475758437618, 0.01421887428820413, 3.640078, 0.0012399885672504662, 0.44609591987164704, -0.8949842974612584, 4.867733, -0.03436024827898365, -0.8944375005703041, -0.4458709801184129, 1.387194, 0.0, 0.0, 0.0, 1.0], [-0.8705615885871, 0.023039250850466292, -0.4915197995980982, 3.895991, 0.49054563575579724, 0.11893115074779813, -0.8632614671249641, 4.78242, 0.03856811789089534, -0.9926351667667503, -0.1148386954832742, 1.5406, 0.0, 0.0, 0.0, 1.0], [-0.9404862463320496, 0.1292958249977053, -0.31427410026665303, 4.403492, 0.33982613037007675, 0.36314086891811737, -0.8675522522817255, 4.455658, 0.0019548856619088506, -0.9227195126145095, -0.3854670925805359, 1.341534, 0.0, 0.0, 0.0, 1.0], [-0.9959557081160145, 0.032503347516738994, -0.08376013294721218, 4.58904, 0.08929367052088333, 0.4612669532730995, -0.8827567265238258, 3.855568, 0.00994323267536748, -0.8866658503733854, -0.4623037982816117, 1.330787, 0.0, 0.0, 0.0, 1.0], [-0.890068497335577, -0.2000800690633524, 0.40956810912764186, 4.349886, -0.4515170878060052, 0.5102558310481842, -0.7319640061509248, 3.198717, -0.06253310699119316, -0.8364251029500077, -0.5445022109092827, 1.351669, 0.0, 0.0, 0.0, 1.0], [-0.8827358677462377, -0.24752283630195335, 0.39938682164454686, 4.736832, -0.4687270928715367, 0.5231238471720056, -0.7117839229205432, 2.471639, -0.03274599521307123, -0.8155206226877383, -0.5778008426512625, 1.306116, 0.0, 0.0, 0.0, 1.0], [-0.9827330487546092, -0.08048350948502796, 0.16660780169741296, 4.878787, -0.18496146021084786, 0.40297192344804017, -0.8963274441571327, 2.118435, 0.0050013120420552976, -0.9116666241634386, -0.41090017432984577, 1.404406, 0.0, 0.0, 0.0, 1.0], [-0.9911603927993513, -0.09716676120419952, 0.09033103709646129, 5.069528, -0.13219101004759135, 0.6655619340289847, -0.7345426119934741, 1.946279, 0.011252226821114153, -0.7399904948637408, -0.6725232002711006, 1.263568, 0.0, 0.0, 0.0, 1.0], [-0.8925192844147731, 0.31622593446377034, -0.3215750073004063, 5.382017, 0.4508833025999379, 0.6424648984869754, -0.6196314240326205, 2.019387, 0.01065712833337179, -0.6980257965037077, -0.7159933051579814, 1.257529, 0.0, 0.0, 0.0, 1.0], [-0.6792975407316038, 0.4151086021507563, -0.6051774116541699, 5.567542, 0.7337324072096524, 0.3997299202174134, -0.5494112717202928, 2.022361, 0.013842173468222085, -0.8172520047717386, -0.5761141856700374, 1.312634, 0.0, 0.0, 0.0, 1.0], [-0.7303650007362016, 0.2516320812566432, -0.6350183157847169, 5.727167, 0.6821490270558566, 0.31662316106247645, -0.6591073347836098, 1.998864, 0.03520895605320812, -0.9145660553296604, -0.4029010546677535, 1.386662, 0.0, 0.0, 0.0, 1.0], [-0.8288258320415424, 0.0424487891279261, -0.5578941122132568, 5.823671, 0.559055115635787, 0.10288403754465472, -0.8227224638357502, 2.133279, 0.02247482640871895, -0.9937871880438403, -0.10900416073625366, 1.557464, 0.0, 0.0, 0.0, 1.0], [-0.5652881316264652, 0.3108752758885931, -0.764071914863681, 5.774237, 0.8244256230331988, 0.18172387883839064, -0.5360026342717477, 2.107009, -0.02777985472573752, -0.9329163921279988, -0.3590198949505386, 1.382617, 0.0, 0.0, 0.0, 1.0], [-0.3875550286691897, 0.6562943830593927, -0.6473629449682113, 5.549181, 0.9214238743965631, 0.29705100331991535, -0.25047703511232133, 1.918411, 0.027913141085355586, -0.6935693074173075, -0.7198489232911488, 1.241399, 0.0, 0.0, 0.0, 1.0], [0.131444972345577, 0.5822342632010291, -0.802325047595939, 5.3653, 0.9893452815277735, -0.025943049687175007, 0.14325806117513895, 1.908498, 0.06259499312086847, -0.8126070519800355, -0.5794408044904285, 1.318785, 0.0, 0.0, 0.0, 1.0], [0.4521917519102535, 0.5820625103815417, -0.6758149550821386, 5.0825, 0.8918347692208165, -0.28454885998585533, 0.3516570640405261, 1.913604, 0.012384018458816648, -0.7617316983617575, -0.6477742321192808, 1.279658, 0.0, 0.0, 0.0, 1.0], [0.9812577494244211, 0.042071051949406475, -0.18805120521387397, 4.905344, 0.1634377848537076, -0.6986817549760619, 0.696514103048663, 1.782493, -0.10208486507133847, -0.7141945336191258, -0.6924628859887917, 1.295265, 0.0, 0.0, 0.0, 1.0], [0.9213909620705847, -0.2849471087932462, 0.2642798520602979, 5.047725, -0.38029015278269535, -0.5208734517586773, 0.7642448867670073, 1.708053, -0.0801130121213606, -0.8046713567931765, -0.5882906703709248, 1.326234, 0.0, 0.0, 0.0, 1.0], [0.6217844292667951, -0.37830764132272765, 0.6857604917448952, 5.198501, -0.7781923248758534, -0.19968395480519036, 0.5954351549057825, 1.803108, -0.0883223019722667, -0.903885859337446, -0.41855647679151564, 1.425366, 0.0, 0.0, 0.0, 1.0], [-0.13076550496089456, -0.512110811503758, 0.8489068850311471, 5.304206, -0.9824320683443903, 0.18192865744754494, -0.041583586760853775, 2.144703, -0.1331450855303562, -0.8394310456138114, -0.5269040765251469, 1.408928, 0.0, 0.0, 0.0, 1.0], [-0.4607232463648018, -0.4679498682701845, 0.7541598047131621, 5.138155, -0.8829823335874974, 0.32770179964001234, -0.3360858953974033, 2.148782, -0.08986817474198161, -0.8207523690484322, -0.5641713036569039, 1.38209, 0.0, 0.0, 0.0, 1.0], [-0.7516773995805867, -0.4451947258230974, 0.48660327070321374, 4.944869, -0.657846738949538, 0.558793214836056, -0.5049631779710719, 2.223526, -0.04710366241839717, -0.6996797832955324, -0.7129021292115006, 1.230465, 0.0, 0.0, 0.0, 1.0], [-0.8146765626859049, -0.3692298691327506, 0.44718162076553525, 4.707764, -0.5776803048587847, 0.5843412910560706, -0.5699392256593562, 2.561911, -0.050868099910853726, -0.7226441443111103, -0.6893459777965798, 1.273604, 0.0, 0.0, 0.0, 1.0], [-0.9623868017325456, -0.060587950380350974, 0.2648409789283186, 4.439779, -0.2583981248629492, 0.5052264158786093, -0.8233933918642816, 2.974089, -0.08391694059195468, -0.860857345305924, -0.5018790472957839, 1.389762, 0.0, 0.0, 0.0, 1.0], [-0.9740132158836531, -0.07591515364587631, 0.21338965469513108, 4.085299, -0.22476826206217532, 0.4399744996029761, -0.8694260566998555, 3.429416, -0.02788339386684427, -0.8947956912871418, -0.4456042944142625, 1.37037, 0.0, 0.0, 0.0, 1.0], [-0.8555920396679929, -0.2210888815979845, 0.468061927623382, 3.795298, -0.5149429978436568, 0.455874906675302, -0.7259557689250581, 3.994724, -0.05287693853232528, -0.8621471892302016, -0.5038911127157449, 1.352973, 0.0, 0.0, 0.0, 1.0], [-0.733743530907207, -0.2897623493602224, 0.6145390237772287, 3.467961, -0.6794253581689799, 0.3146179874292171, -0.6628700511132952, 4.096859, -0.0012702475263883795, -0.9039100081751688, -0.42772080098118714, 1.392083, 0.0, 0.0, 0.0, 1.0], [-0.9312216471441036, -0.20126793588188285, 0.3038378874927692, 3.646342, -0.3643308649043292, 0.5357028330911543, -0.7617647245023718, 4.456466, -0.009448003402084265, -0.8200693218283179, -0.5721861957682629, 1.309209, 0.0, 0.0, 0.0, 1.0], [-0.9258405667172954, 0.13459982043735624, -0.3531318922992214, 3.866407, 0.3778870756274119, 0.318504931244513, -0.8693422610495196, 4.631042, -0.004539063158862294, -0.9383163097331091, -0.34574831857072047, 1.434214, 0.0, 0.0, 0.0, 1.0], [-0.6028049929398609, 0.18081576119715653, -0.777130491609657, 3.743226, 0.7967882545255376, 0.08528502950580445, -0.5982097802546705, 4.60078, -0.04188815986554206, -0.979812290311204, -0.1954821163641111, 1.491237, 0.0, 0.0, 0.0, 1.0], [-0.8030297214191686, 0.33399383925040504, -0.49354977647672726, 3.924421, 0.5953391069868318, 0.41245438717835164, -0.689530801479856, 4.501826, -0.02673226906894499, -0.8475432106035099, -0.530052725632385, 1.312328, 0.0, 0.0, 0.0, 1.0], [-0.8578701635589245, 0.04890514677334501, -0.5115340351281257, 4.034276, 0.5129068049652016, 0.14230228922597019, -0.8465675802329298, 4.478092, 0.03139095245088319, -0.9886143561066301, -0.14716067071096298, 1.476366, 0.0, 0.0, 0.0, 1.0]], "times": [0.0, 2.1081460674157304, 4.216292134831461, 6.324438202247191, 8.432584269662922, 10.540730337078651, 12.648876404494382, 14.757022471910112, 16.865168539325843, 18.973314606741575, 21.081460674157302, 23.189606741573034, 25.297752808988765, 27.405898876404493, 29.514044943820224, 31.622191011235955, 33.73033707865169, 35.83848314606742, 37.94662921348315, 40.05477528089887, 42.162921348314605, 44.271067415730336, 46.37921348314607, 48.4873595505618, 50.59550561797753, 52.70365168539326, 54.811797752808985, 56.91994382022472, 59.02808988764045, 61.13623595505618, 63.24438202247191, 65.35252808988764, 67.46067415730337, 69.5688202247191, 71.67696629213484, 73.78511235955057, 75.8932584269663, 78.00140449438203, 80.10955056179775, 82.21769662921348, 84.32584269662921, 86.43398876404494, 88.54213483146067, 90.6502808988764, 92.75842696629213, 94.86657303370787, 96.9747191011236, 99.08286516853933, 101.19101123595506, 103.29915730337079, 105.40730337078652, 107.51544943820225, 109.62359550561797, 111.7317415730337, 113.83988764044943, 115.94803370786516, 118.0561797752809, 120.16432584269663, 122.27247191011236, 124.38061797752809, 126.48876404494382, 128.59691011235955, 130.70505617977528, 132.81320224719101, 134.92134831460675, 137.02949438202248, 139.1376404494382, 141.24578651685394, 143.35393258426967, 145.4620786516854, 147.57022471910113, 149.67837078651687, 151.7865168539326, 153.89466292134833, 156.00280898876406, 158.11095505617976, 160.2191011235955, 162.32724719101122, 164.43539325842696, 166.5435393258427, 168.65168539325842, 170.75983146067415, 172.86797752808988, 174.9761235955056, 177.08426966292134, 179.19241573033707, 181.3005617977528, 183.40870786516854, 185.51685393258427, 187.625]}, "pred": {"convention": "camera_to_world_row_major", "poses": [[-0.8843109503419228, 0.07906964939401365, -0.46015446716301006, 4.172657216783702, 0.466319244145078, 0.19864788757679852, -0.8620240015807209, 4.366853974553356, 0.023248777286746965, -0.9768761473728304, -0.2125382013866869, 1.4388387132782667, 0.0, 0.0, 0.0, 1.0], [-0.9324624434659108, 0.07073057897375651, -0.3542752838170067, 4.107855777505042, 0.36123654299251656, 0.19526457838461045, -0.9118003643534563, 4.6270660820105345, 0.004685246247413897, -0.9781967744918798, -0.20762735571519367, 1.425449350806003, 0.0, 0.0, 0.0, 1.0], [-0.9956099561093358, 0.07107932471890736, -0.06089782338861817, 4.353993190978087, 0.08625031135013893, 0.44399394143506316, -0.8918689723053279, 4.794029346336244, -0.03635517965807967, -0.8932060845999998, -0.4481754024325375, 1.2896280822174755, 0.0, 0.0, 0.0, 1.0], [-0.9980566158861179, -0.0011804611475664997, 0.06230247184044629, 4.2308031718558645, -0.0523225955168247, 0.558882769661468, -0.8275943425216904, 4.9509662737291835, -0.033842835051651574, -0.8292458358575011, -0.557858410556533, 1.245072934806889, 0.0, 0.0, 0.0, 1.0], [-0.8998584945911796, 0.15151179362085065, -0.4090218406220981, 3.4698385876792237, 0.43618154827362815, 0.31130801501964567, -0.8442943661603743, 4.975678120197584, -0.000588776457190344, -0.9381532370451646, -0.34621981047300376, 1.3449594743478743, 0.0, 0.0, 0.0, 1.0], [-0.680681854248558, 0.05165748066198131, -0.7307555801965543, 3.0068750592445013, 0.731746836158032, 0.09547978940215118, -0.6748556716724186, 4.81642655350629, 0.0349110450925674, -0.9940900937577934, -0.10279155813181759, 1.4957676757862077, 0.0, 0.0, 0.0, 1.0], [-0.2487029076156125, 0.4533242334866101, -0.8559462617929459, 3.5387117229565073, 0.9680617455544853, 0.1452379613266453, -0.2043584874275668, 4.610670624472993, 0.03167523539838574, -0.87943338231128, -0.4749669520492973, 1.3122001730965809, 0.0, 0.0, 0.0, 1.0], [-0.14624691023734776, 0.3819784289763902, -0.9125263399172424, 3.786246807891076, 0.9868473379385048, 0.1205599196532626, -0.10769232738169257, 4.974335243597478, 0.06887795619583853, -0.9162738594819392, -0.39458591153303535, 1.3513006538524848, 0.0, 0.0, 0.0, 1.0], [-0.3023050508644133, 0.2430017584245764, -0.9217167686575032, 3.255085788377645, 0.9438502661909707, 0.21149211125469786, -0.25380654421875, 5.185010547654848, 0.13326038883741195, -0.9466896177098357, -0.2932924078241839, 1.491147065236906, 0.0, 0.0, 0.0, 1.0], [-0.3225015664246026, 0.4834053472141994, -0.8138255402347593, 2.8686876478789682, 0.939585635304625, 0.26772666387278643, -0.21331026084263338, 4.666897932423697, 0.11476747615453553, -0.8334516805047957, -0.540542988744513, 1.3556397346488138, 0.0, 0.0, 0.0, 1.0], [0.13718431705084952, 0.041028484294284934, -0.989695471663787, 3.0373075476386067, 0.9863177119703542, 0.08655664055265953, 0.1403043799380567, 4.379942921394291, 0.09142119124610514, -0.9954017336998924, -0.02859290713431827, 1.56532081457658, 0.0, 0.0, 0.0, 1.0], [0.49904402925847585, 0.21948788769957917, -0.838319822033717, 3.3252579002614366, 0.8663251391119949, -0.10305721963321499, 0.4887330179392976, 4.446250053563068, 0.020876067734330435, -0.9701568309477847, -0.24157796497467118, 1.4873973522189476, 0.0, 0.0, 0.0, 1.0], [0.28117644424091687, 0.4440364532222729, -0.8507475744389869, 3.6015570771156327, 0.9590947771498827, -0.09970869359144445, 0.26494411649648725, 5.116973023098172, 0.03281791656780736, -0.8904435999163967, -0.4539087790735895, 1.3834652495354187, 0.0, 0.0, 0.0, 1.0], [0.4750287665196208, 0.3548849929566087, -0.8052355635173075, 3.7319082348758648, 0.8794338775153394, -0.15951302149017613, 0.4484993322775513, 5.195651481113091, 0.030720124628372144, -0.9212015185339538, -0.38787115927013044, 1.4209952309654612, 0.0, 0.0, 0.0, 1.0], [0.7793648378634416, 0.29295500626241827, -0.5538662418020064, 3.5127214808108964, 0.623727358260203, -0.27862824707408324, 0.730294791498729, 5.521644841630612, 0.059620735150118224, -0.9146276095975949, -0.39987711075022714, 1.3701351693829782, 0.0, 0.0, 0.0, 1.0], [0.9378606291010361, 0.2070744287936846, -0.2784557798322353, 2.710948371017208, 0.34013135593645355, -0.38955257648899183, 0.8558968692895292, 5.558704718134629, 0.06876118884253347, -0.897423518240166, -0.435778530699258, 1.3025948208632658, 0.0, 0.0, 0.0, 1.0], [0.9683331688195432, 0.08262882352726955, -0.2355914932386184, 2.7701621304620883, 0.24960093588129473, -0.34119232635792973, 0.9062489554430646, 5.4264505006352195, -0.00549972463714526, -0.9363547799616148, -0.35101207824226266, 1.353046453331363, 0.0, 0.0, 0.0, 1.0], [0.7094722497448724, 0.09121206145754718, -0.6988057574795837, 3.217571541766427, 0.7047076765577552, -0.10028975987714006, 0.7023738710005917, 5.5561147721155395, -0.006018092930509143, -0.990768552139424, -0.13543064147019887, 1.4947618717195863, 0.0, 0.0, 0.0, 1.0], [0.8695134911502584, -0.03342529454571221, -0.4927768647087874, 3.331171501612336, 0.4923639790778832, -0.02019832149872545, 0.8701550091306881, 5.675864677510107, -0.03903845302114218, -0.9992370977366518, -0.0011053020173549975, 1.5413475777433183, 0.0, 0.0, 0.0, 1.0], [0.9903062687676658, 0.05167012174481516, -0.1289328994412998, 3.3084314728890143, 0.13803265314176136, -0.4697151246963729, 0.8719602561459535, 5.59657873131022, -0.01550744034683337, -0.8813046579647399, -0.4722939965143986, 1.3372804369234248, 0.0, 0.0, 0.0, 1.0], [0.9945995379494749, -0.0863685056446487, 0.05755206636952279, 2.7775496303722886, -0.08415713410798538, -0.3466068552237723, 0.9342276300188394, 5.6308163195380105, -0.06073990360069873, -0.9340257861240221, -0.35200354396792743, 1.399895671260403, 0.0, 0.0, 0.0, 1.0], [0.7885646869425632, -0.30709093162486634, 0.5327859741218319, 2.6883535619875376, -0.6036098903564463, -0.22089628021274052, 0.7660678388054503, 5.680402561683134, -0.1175620464735795, -0.9256889289075172, -0.359554129620281, 1.4876107518091921, 0.0, 0.0, 0.0, 1.0], [0.990749881630661, 0.04937879010341513, 0.1263978130220395, 4.2977407502681, -0.10281137579609116, -0.3347985061633806, 0.9366641774284333, 5.41861723617208, 0.08856914279672377, -0.9409950559693135, -0.3266248790058129, 1.3464047886524633, 0.0, 0.0, 0.0, 1.0], [0.9980561975070342, 0.04073919486450276, -0.04716083777449401, 4.315586000139852, 0.059345763927589036, -0.3902899105376535, 0.9187773756663588, 5.38935221668226, 0.01902385138848023, -0.9197902498582504, -0.39194896267759993, 1.3601301313783516, 0.0, 0.0, 0.0, 1.0], [0.9194201402960996, -0.025021068736747365, 0.39248000170349023, 3.309139938831537, -0.39169015246502414, -0.14781250071176144, 0.9081466231260574, 5.431026674839668, 0.03529065145086719, -0.9886988473507019, -0.14570229637025955, 1.460747742837301, 0.0, 0.0, 0.0, 1.0], [0.7075928840406221, -0.32733559112903265, 0.6262297671264772, 2.6031675124296156, -0.7036027624597732, -0.2445709593479713, 0.6671792851270105, 6.034792413318982, -0.06523391076771622, -0.9127083086199117, -0.4033708966474029, 1.479900663231677, 0.0, 0.0, 0.0, 1.0], [0.5109611313561119, -0.388949215661013, 0.7665749995140498, 2.5802545821401974, -0.8594654471909144, -0.21515971074434512, 0.46370836088788725, 6.664632715308109, -0.01542294810350822, -0.895781673461281, -0.4442266607968323, 1.4210731528915268, 0.0, 0.0, 0.0, 1.0], [0.13082611215468762, -0.5594074156253662, 0.8185034341539674, 2.599600523022234, -0.9887585317577312, -0.013334734326779658, 0.14892531932727007, 6.397904596576634, -0.07239540216605062, -0.82878557432172, -0.5548633863767124, 1.453668069565701, 0.0, 0.0, 0.0, 1.0], [0.126449517246525, -0.4764350723401248, 0.8700690440605165, 2.4970616137186665, -0.9900273062765449, -0.00570379608136511, 0.1407600779236436, 5.536594916488099, -0.06210034150412329, -0.8791911558668697, -0.47240497354552585, 1.4007287654984952, 0.0, 0.0, 0.0, 1.0], [0.6918749416242513, -0.30469462807851716, 0.6545763887985366, 3.4172096399651974, -0.7213881715580951, -0.25388015030229405, 0.6443166730875065, 4.816836857628654, -0.030135877098679917, -0.9179902248404275, -0.39545641480309124, 1.413246372113345, 0.0, 0.0, 0.0, 1.0], [0.90460186285806, -0.16941515149261313, 0.3911444441104374, 4.315473497751501, -0.4262575156757227, -0.35954633347965054, 0.830078890474454, 4.805505213680517, 6.609760294013048e-06, -0.9176191696592193, -0.39746076464254476, 1.3631489251224793, 0.0, 0.0, 0.0, 1.0], [0.894924037061608, -0.07759144289400996, 0.43942068212474894, 4.249387058876895, -0.44621838667880076, -0.15485309713126072, 0.8814247952597116, 4.691833511093424, -0.0003453680962097295, -0.9848858239910261, -0.17320448730444662, 1.476320077085394, 0.0, 0.0, 0.0, 1.0], [0.6601123212308728, -0.19854562911323348, 0.7244524529044125, 3.6427965493143497, -0.7471213597673251, -0.07357939936420525, 0.6606025626415827, 4.683329616813029, -0.07785497504085537, -0.9773257927371167, -0.1969083485080169, 1.543611865449866, 0.0, 0.0, 0.0, 1.0], [0.0849636410834286, -0.503252977007243, 0.859952103798342, 3.518279964172959, -0.9931431116461331, 0.026781662911986703, 0.11379588007263182, 5.043406656870146, -0.08029906278209213, -0.8637240205441876, -0.49752675993488177, 1.377648116522303, 0.0, 0.0, 0.0, 1.0], [0.2936574295486161, -0.3233781051071757, 0.8995509519800381, 4.129419189591035, -0.9549143462870084, -0.056283760849329754, 0.29149739196073593, 4.707334769148942, -0.043633763602915064, -0.9445944841051892, -0.32532653637829334, 1.4442654591560746, 0.0, 0.0, 0.0, 1.0], [0.5526424985720652, -0.3521449799184482, 0.7553675806455167, 4.4423666780178435, -0.8175158446241237, -0.05284277608707431, 0.5734766645678938, 4.37943197273265, -0.16203120860047354, -0.9344525424726753, -0.3170872644964202, 1.4204130339388321, 0.0, 0.0, 0.0, 1.0], [0.7201150723626838, -0.30762059964222094, 0.6219355667847334, 4.817234638921686, -0.6929338803304801, -0.2726768879075803, 0.667450336947387, 4.145252958203488, -0.03573401805325944, -0.9116012732970471, -0.409519472646872, 1.3615918669404359, 0.0, 0.0, 0.0, 1.0], [0.5577416938219235, -0.41302526645702636, 0.7199543959451561, 4.736003225871784, -0.8293123156115356, -0.24163033401450945, 0.5038411107274485, 4.4035965514493025, -0.034136287842766073, -0.8780802417502283, -0.4772942519035577, 1.3676490886574555, 0.0, 0.0, 0.0, 1.0], [0.5172408510668478, -0.4316449428015937, 0.739015930370552, 4.6805750508161665, -0.8530668058185864, -0.19057058174246147, 0.485757015579615, 4.433431755328517, -0.06883986343767329, -0.8816833313203495, -0.46679286249227686, 1.3736522869656917, 0.0, 0.0, 0.0, 1.0], [0.6230018535901358, -0.5565283843452362, 0.5496770395799123, 5.682959437491369, -0.7804745217342941, -0.3953362058814271, 0.4843230381087633, 4.493058113806097, -0.05223228261218864, -0.73074307505262, -0.6806514136588283, 1.2364351413291792, 0.0, 0.0, 0.0, 1.0], [0.7335569685171894, -0.5011693886948898, 0.4590462044011059, 6.320323087628703, -0.6788737622893337, -0.5085254337751391, 0.5296529978003819, 4.395220838141475, -0.032009198912129604, -0.700165071278907, -0.7132631240615251, 1.2371543482560114, 0.0, 0.0, 0.0, 1.0], [0.9900111827151367, 0.13762796854826015, -0.030600659670278668, 6.291797041416176, 0.0938847581113599, -0.48161252096626683, 0.8713409389228126, 4.11699330455668, 0.10518322248984659, -0.8655102090222834, -0.48972295002874355, 1.3369343105192832, 0.0, 0.0, 0.0, 1.0], [0.9730113018897926, -0.08193486789856472, 0.2157213105309163, 6.6605934861285565, -0.2212907965555683, -0.5963292317654816, 0.7716358148127861, 3.8437598840652574, 0.06541704483185727, -0.7985475093971777, -0.5983665143380199, 1.409009044670338, 0.0, 0.0, 0.0, 1.0], [0.851051465565257, -0.2786908026165908, 0.44502004392628064, 6.337869558012924, -0.5250775317211435, -0.4553020481952129, 0.719022691290668, 4.232847676888934, 0.002233526552221786, -0.8455953414288447, -0.5338197541427031, 1.3105242132930972, 0.0, 0.0, 0.0, 1.0], [0.1389489476300935, -0.5534653543090138, 0.8211999096030688, 5.873758431740528, -0.9902534698619172, -0.08565229179877124, 0.10982600027339215, 4.65570253766721, 0.009552768128791848, -0.8284562670951415, -0.5599722833604012, 1.3517981627089084, 0.0, 0.0, 0.0, 1.0], [-0.1946137297285698, -0.43024514680839854, 0.8814843219530084, 5.79429917707867, -0.9803273105825318, 0.11547832795487376, -0.16007223337845522, 4.767392005646642, -0.03292203406770736, -0.8952954090246226, -0.4442547357679808, 1.3597079935033505, 0.0, 0.0, 0.0, 1.0], [-0.5798336964678165, -0.4187326635143932, 0.6988961589153359, 5.917254793421182, -0.8112830737254029, 0.37562228860274494, -0.4480264172919922, 4.887248816040376, -0.07491767966995928, -0.8267834376733597, -0.5575091824014125, 1.3360540621610677, 0.0, 0.0, 0.0, 1.0], [-0.9395504555117029, -0.12979503677738788, 0.3168567341492189, 6.165059962698983, -0.3307060788912669, 0.5838515535843515, -0.7414518546483664, 4.865346725478555, -0.08876052575393815, -0.8014178758956503, -0.5914820007935905, 1.3870896023833106, 0.0, 0.0, 0.0, 1.0], [-0.9942815225460925, 0.06861416505066174, 0.08183123045528314, 6.050624325804431, -0.008940205152328939, 0.7101052513708305, -0.7040387806842773, 4.588978949907137, -0.10641581957237084, -0.7007443387783953, -0.7054311057890562, 1.342800008174202, 0.0, 0.0, 0.0, 1.0], [-0.7718809730233951, -0.39326186191836393, 0.49954466411419024, 5.148051877725478, -0.6341347068590097, 0.5325002458612463, -0.5606395113747782, 4.746322577137881, -0.045529518351233, -0.7495255806963591, -0.6604078034370059, 1.2799624716821947, 0.0, 0.0, 0.0, 1.0], [-0.3497185512922087, -0.5495134203724221, 0.7587700150326717, 4.215366209575058, -0.936369464086445, 0.17895490357793825, -0.3019724643272538, 5.315315534904163, 0.030152306852755908, -0.8160944450956721, -0.5771314365683478, 1.3498976908492908, 0.0, 0.0, 0.0, 1.0], [-0.3058981817587799, -0.3706782185729626, 0.87694011236358, 3.8213544330221785, -0.9516198647881148, 0.14718213043459905, -0.26973515421869443, 5.29516338027129, -0.029084967548939425, -0.9170251243866266, -0.39776750232562935, 1.4347309693598036, 0.0, 0.0, 0.0, 1.0], [-0.6806822754029459, -0.16689220503794155, 0.7133152401637318, 3.5786793876286853, -0.7325156140273349, 0.16784042599475316, -0.6597351488347853, 5.362551914721452, -0.009618480047558534, -0.9715845734157547, -0.23649714912045192, 1.5056971614934322, 0.0, 0.0, 0.0, 1.0], [-0.7725413215653414, -0.2907132294176838, 0.5645048491515532, 3.637634017125812, -0.6347440304774603, 0.3770042603058125, -0.6745130120942784, 5.272884361587846, -0.016730877063248734, -0.8794052569508602, -0.4757798564461155, 1.360776580091706, 0.0, 0.0, 0.0, 1.0], [-0.8790895545462317, -0.2789120327449488, 0.3865354227982072, 4.3930913540640715, -0.4639594062637185, 0.31476472758261526, -0.8280488123349129, 5.636315338688549, 0.10928506040226248, -0.9072658068393865, -0.4061102452696204, 1.3126489779649129, 0.0, 0.0, 0.0, 1.0], [-0.8110641484266146, -0.09754444184828626, 0.5767668757838972, 3.696748325735054, -0.5704671709544614, 0.3499996541963118, -0.7430124150548733, 5.250742572996156, 