{"bundle_id": "arkits_47204578_reldir", "scene_id": "47204578", "dataset": "arkitscenes", "split": "Validation", "video_duration_s": 54.866667, "fps": 1.64, "num_frames": 90, "image_width": 256, "image_height": 192, "intrinsics_color": [[212.57, 0.0, 127.575], [0.0, 212.57, 98.6163], [0.0, 0.0, 1.0]], "vsi": {"question_id": 388, "question_type": "object_rel_direction_hard", "question": "If I am standing by the table and facing the tv, is the stool to my front-left, front-right, back-left, or back-right?\nThe directions refer to the quadrants of a Cartesian plane (if I am standing at the origin and facing along the positive y-axis).", "ground_truth": "A", "prediction": "A", "prior_prediction": "B", "options": ["A. front-right", "B. front-left", "C. back-left", "D. back-right"], "objects": []}, "gt": {"poses": [[-0.015691017303569893, -0.4543963006321218, 0.8906614362078453, 0.013597, -0.9998683961823117, 0.010802039478924025, -0.012103976987242526, 0.065119, -0.004120957630332989, -0.8907341454749214, -0.4545059953325926, 0.072354, 0.0, 0.0, 0.0, 1.0], [-0.020187765161095578, -0.2994212124321212, 0.9539074334983868, 0.007577, -0.9997857941072656, 0.010400171288447141, -0.01789419845859419, 0.070284, -0.004562898103732949, -0.9540643447812364, -0.2995670308596149, 0.16183, 0.0, 0.0, 0.0, 1.0], [-0.03927091984867617, -0.10468735313844085, 0.9937295169949952, 0.000851, -0.9990946406539611, 0.020397663327697962, -0.03733409095320722, 0.068235, -0.016361352962738773, -0.9942959787827956, -0.10539360846650717, 0.240713, 0.0, 0.0, 0.0, 1.0], [-0.03439411205000653, 0.055240015779425555, 0.9978805468155901, 0.040793, -0.9990230924601622, 0.025820837020631066, -0.035862865291119816, 0.052846, -0.027747176209960478, -0.9981391811928052, 0.054297966629797356, 0.282192, 0.0, 0.0, 0.0, 1.0], [0.01750906243427791, 0.11362938009717038, 0.993368912696288, 0.198303, -0.9996365433782837, 0.022358862739009833, 0.01506195205593197, 0.001258, -0.02049911889300693, -0.9932715868460907, 0.11397956347020921, 0.283016, 0.0, 0.0, 0.0, 1.0], [0.03860417055963791, 0.008877871677810956, 0.9992151427044501, 0.363495, -0.9991151370874548, 0.017047862055067947, 0.03844883928114945, -0.047387, -0.016693138054861723, -0.999815259832447, 0.009528134552872047, 0.255401, 0.0, 0.0, 0.0, 1.0], [0.013293087002990367, -0.24438001621976824, 0.9695884186139792, 0.577189, -0.9998169637077254, 0.010095185428935727, 0.01625196337124457, -0.0098, -0.013759829947924462, -0.969626987507867, -0.24420108962947526, 0.165155, 0.0, 0.0, 0.0, 1.0], [0.029980991570510665, -0.5115283536257118, 0.8587432000204822, 0.787695, -0.999435089992593, -0.00228789844471039, 0.03353008219799375, 0.063453, -0.015186870511942063, -0.8592633525047344, -0.5113079796036613, 0.06539, 0.0, 0.0, 0.0, 1.0], [0.179479214483048, -0.611310990280601, 0.7707698000899487, 0.925934, -0.9837365192530864, -0.10591269567193314, 0.14506881671581534, 0.063773, -0.007047854735336645, -0.784271237556023, -0.6203780731827764, -0.003985, 0.0, 0.0, 0.0, 1.0], [0.34734704497469526, -0.5103908858817086, 0.7866709438871068, 1.157698, -0.9376002438049931, -0.2033348491932309, 0.2820651022731871, 0.043923, 0.015994160314454775, -0.8355573485479322, -0.5491703780461805, 0.033649, 0.0, 0.0, 0.0, 1.0], [0.3796875807016171, -0.31889386678496906, 0.8684146721399193, 1.381381, -0.9250627177217015, -0.12091578326287508, 0.36005324833872215, 0.123776, -0.009813732332452585, -0.9400457835046419, -0.34090704828860774, 0.097791, 0.0, 0.0, 0.0, 1.0], [0.4239108526098653, -0.06741184337251249, 0.903191691952875, 1.634294, -0.904922825967099, 0.009882341815710183, 0.4254609481068231, 0.263099, -0.03760675581988571, -0.9976762915361662, -0.0568132838634256, 0.222466, 0.0, 0.0, 0.0, 1.0], [0.5433702715568244, 0.13617405072476624, 0.828375142008421, 1.74905, -0.8369028115659107, 0.16532478870116657, 0.5217867363530699, 0.330207, -0.06589713181418788, -0.976792886005075, 0.2037970212455033, 0.32789, 0.0, 0.0, 0.0, 1.0], [0.6767201985516946, 0.23756912799296498, 0.6968577202677873, 1.876306, -0.7351753926295646, 0.2689368516288023, 0.6222460220105499, 0.373616, -0.03958427647590568, -0.933399099667795, 0.35664997658100195, 0.400365, 0.0, 0.0, 0.0, 1.0], [0.6668505009275856, 0.13889577323636837, 0.7321327568069192, 1.9997, -0.7443916979784369, 0.16966809590710913, 0.645827947066427, 0.506262, -0.03451679871320479, -0.9756642359994177, 0.2165361152285335, 0.363893, 0.0, 0.0, 0.0, 1.0], [0.515743983854665, -0.06086461691679956, 0.854578048820171, 2.205984, -0.8553937625855443, 0.01937138969498059, 0.517615938888121, 0.730705, -0.04805886023892669, -0.9979580390321312, -0.04207253597869853, 0.311842, 0.0, 0.0, 0.0, 1.0], [0.3858790102767359, -0.30869675687771403, 0.8693697152081088, 2.305492, -0.9218938670723088, -0.09350981898377567, 0.3759888450580488, 0.798164, -0.034771932392530125, -0.9465528120748481, -0.3206691233512923, 0.192178, 0.0, 0.0, 0.0, 1.0], [0.33677423522618777, -0.4532720010981326, 0.8253045543969274, 2.222569, -0.9414172809330483, -0.14552769218430442, 0.3042288513079197, 0.732796, -0.01779375307354636, -0.8794124082749828, -0.4757280720364868, 0.12655, 0.0, 0.0, 0.0, 1.0], [0.19493905347329205, -0.45867302172342733, 0.8669589520698413, 2.158891, -0.9806489995246617, -0.10742604670155537, 0.1636679083429468, 0.648333, 0.01806391879457392, -0.8820876961125665, -0.4707387717244113, 0.127229, 0.0, 0.0, 0.0, 1.0], [-0.0773398504568972, -0.18942804549474207, 0.9788439932447597, 2.167339, -0.996939694923721, 0.00347466981812658, -0.07809719172321977, 0.671497, 0.011392638706775648, -0.9818884571323248, -0.18911706832964578, 0.250136, 0.0, 0.0, 0.0, 1.0], [-0.29506944243572303, 0.14654772814754435, 0.9441704229192235, 2.132533, -0.9554068683434539, -0.05712403743283695, -0.28971461866727827, 0.724301, 0.011477807404993379, -0.9875528379394014, 0.15686826388727765, 0.414525, 0.0, 0.0, 0.0, 1.0], [-0.4158827945112893, 0.3201056636000385, 0.8512190466387954, 2.070634, -0.9087613036502871, -0.18185096262056547, -0.37561033050463916, 0.689933, 0.03456000893100769, -0.9297648044130045, 0.36652832667822, 0.503927, 0.0, 0.0, 0.0, 1.0], [-0.5312933344694606, 0.28600786016978086, 0.7974502471436227, 2.044303, -0.8470301424496522, -0.1611630977409534, -0.506523833307241, 0.610158, -0.016350245565243726, -0.9445771328206305, 0.3278821581335484, 0.507255, 0.0, 0.0, 0.0, 1.0], [-0.610992532985971, 0.13727229518559475, 0.779643791490618, 2.069617, -0.7908118114745613, -0.06089935158002793, -0.6090221242364312, 0.544192, -0.03612206344756824, -0.9886594893853046, 0.1457656015000753, 0.451693, 0.0, 0.0, 0.0, 1.0], [-0.6473539162861789, -0.03364514770457033, 0.7614465911046451, 2.095435, -0.760800214495539, 0.08881666437019763, -0.6428799528323258, 0.522522, -0.045999355348621596, -0.995479585007191, -0.0830930511018937, 0.356022, 0.0, 0.0, 0.0, 1.0], [-0.6636020842490638, -0.18730265465932272, 0.7242582338764743, 2.118973, -0.7469502042010289, 0.21922105765164518, -0.6277001834682989, 0.527748, -0.04120274534955698, -0.9575279857213914, -0.2853813069140917, 0.248847, 0.0, 0.0, 0.0, 1.0], [-0.679250142865391, -0.2866042197173384, 0.6756310122082628, 2.124454, -0.7321553567009627, 0.32819001226879013, -0.5968583161028234, 0.569378, -0.05067323821735059, -0.9000829612248125, -0.43276192743971903, 0.154148, 0.0, 0.0, 0.0, 1.0], [-0.6266911762282145, -0.3881797664555122, 0.6757030698111717, 2.147302, -0.7780114405358882, 0.3608891044119543, -0.5142540740840171, 0.653817, -0.04423084933583249, -0.8479832092861754, -0.5281743166188123, 0.089251, 0.0, 0.0, 0.0, 1.0], [-0.3557318120114207, -0.45986283128276995, 0.8136221815607451, 2.228005, -0.9337936007942511, 0.2107771439825078, -0.2891409806483406, 0.765458, -0.038527769709368775, -0.8626118315784753, -0.5043971044544665, 0.097282, 0.0, 0.0, 0.0, 1.0], [-0.0027931501089981103, -0.41839426069196545, 0.9082612184457137, 2.415732, -0.9998646190352578, 0.015896498831128703, 0.004247932013437261, 0.87217, -0.01621548377161358, -0.9081263920539562, -0.41838201938075315, 0.134041, 0.0, 0.0, 0.0, 1.0], [0.2524961410994111, -0.2697941073935342, 0.9292237827055616, 2.6343, -0.9664499447543125, -0.023554021765317373, 0.25577277482770866, 0.963071, -0.047119030277511686, -0.9626299121024681, -0.26668979978863416, 0.208525, 0.0, 0.0, 0.0, 1.0], [0.3199106759309187, 0.007766985504962298, 0.9474158713899552, 2.896308, -0.94640456505661, 0.04953072244201023, 0.3191631350491177, 1.06617, -0.044447257119326344, -0.9987423999563341, 0.023196117434395036, 0.312973, 0.0, 0.0, 0.0, 1.0], [0.45719927375818614, 0.21928817200678408, 0.8619057498896909, 3.131227, -0.8850052723811557, 0.20801115068511056, 0.41652974569436574, 1.069731, -0.08794596029689966, -0.953228230178156, 0.28917373542366676, 0.410039, 0.0, 0.0, 0.0, 1.0], [0.8206972963480377, 0.14430000429376924, 0.5528412579826508, 3.333288, -0.5634577729031987, 0.3648020420038034, 0.7412386986017548, 1.040474, -0.09471687242508128, -0.919835299882905, 0.3806990086240538, 0.470532, 0.0, 0.0, 0.0, 1.0], [0.9672545794431758, -0.011472055522595684, 0.253548753671344, 3.451361, -0.2392380246468993, 0.2923899804575908, 0.9258905264074472, 1.146734, -0.08475698265780233, -0.9562303547106715, 0.2800709956790399, 0.440109, 0.0, 0.0, 0.0, 1.0], [0.9987006266001941, -0.047460726779656515, -0.018561730574684403, 3.583729, 0.019197251831835238, 0.01296986140259665, 0.9997315880861738, 1.305032, -0.04720724468220399, -0.9987888976699454, 0.013864124233801955, 0.366368, 0.0, 0.0, 0.0, 1.0], [0.9633247318400886, 0.07010934844156046, -0.2590176447393521, 3.718398, 0.26829811634006356, -0.23494105509281615, 0.9342477302087749, 1.327608, 0.004645620905224357, -0.9694778903579876, -0.24513473502021466, 0.245431, 0.0, 0.0, 0.0, 1.0], [0.9555810557230928, 0.09366729551289694, -0.2794481771177616, 3.74613, 0.29302073441853477, -0.40385216433136223, 0.8666269546729422, 1.237449, -0.03168114808466942, -0.9100164103554258, -0.4133599372700057, 0.178951, 0.0, 0.0, 0.0, 1.0], [0.9904697356959623, -0.11599302648907009, -0.07426520367087465, 3.609167, 0.0016368707706105254, -0.5292549147174662, 0.8484612872143832, 1.101742, -0.13772081659811247, -0.8404967894366483, -0.5240211099013433, 0.094134, 0.0, 0.0, 0.0, 1.0], [0.9945422768945205, -0.09715287379173579, -0.038039171698005796, 3.576831, -0.03111419379386876, -0.6241736454112576, 0.7806658486949326, 1.016836, -0.0995869791389461, -0.7752216324948814, -0.6237899118276524, 0.048217, 0.0, 0.0, 0.0, 1.0], [0.9454600926155572, 0.15162100804855433, -0.2882989476042568, 3.639383, 0.32150214599374083, -0.5766278580697433, 0.7510903297335942, 0.937073, -0.052360131711075064, -0.8028146630550792, -0.5939251075606744, 0.065562, 0.0, 0.0, 0.0, 1.0], [0.7288155727319012, 0.31783950911493836, -0.6064700383275716, 3.734453, 0.6838641527318441, -0.3819091099895762, 0.6216713378589422, 0.857123, -0.034024719717113905, -0.8678268710708059, -0.4957003533341762, 0.131481, 0.0, 0.0, 0.0, 1.0], [0.6175331364028963, 0.1632507886000386, -0.769416665705824, 3.760005, 0.7851582877776266, -0.18600504499165216, 0.5907017744782552, 0.846782, -0.0466828510109214, -0.9688917913054684, -0.24304198847601038, 0.239155, 0.0, 0.0, 0.0, 1.0], [0.580620784841153, -0.0662628448416398, -0.8114731909335864, 3.7954, 0.8136637410696788, 0.011939862544968927, 0.5812131761676625, 0.836963, -0.028823960153640138, -0.997730762819259, 0.06084820658952361, 0.347441, 0.0, 0.0, 0.0, 1.0], [0.5415713232342994, -0.318830975882363, -0.7778478711600044, 3.842568, 0.8387895036229224, 0.1433382207017198, 0.5252488201777107, 0.818459, -0.05597026408962369, -0.936910328315344, 0.34505994585545946, 0.426995, 0.0, 0.0, 0.0, 1.0], [0.4313000224562293, -0.43082813009137644, -0.7926962930096393, 3.85228, 0.898552586618064, 0.12610503733753525, 0.4203579054092895, 0.780141, -0.08113901472930563, -0.8935796785290423, 0.44151083611695274, 0.450904, 0.0, 0.0, 0.0, 1.0], [0.2908759349405089, -0.24206084877179068, -0.9256336942680755, 3.785911, 0.955283774416697, 0.01974122724462868, 0.29503083615626535, 0.723186, -0.053142269510005447, -0.9700602194909119, 0.2369790491848799, 0.408114, 0.0, 0.0, 0.0, 1.0], [0.20974300661159764, 0.033492994627921546, -0.9771827313703314, 3.681005, 0.9767749639347597, -0.05194883766613678, 0.20787493378323935, 0.678556, -0.04380115304162796, -0.9980879408028089, -0.04361102402182848, 0.3208, 0.0, 0.0, 0.0, 1.0], [0.1711548876645435, 0.2654007031504839, -0.948824784244049, 3.561399, 0.9848995664928644, -0.07155622630341024, 0.15764691687243065, 0.652208, -0.026054718396202547, -0.9614791590276119, -0.2736402353544718, 0.220709, 0.0, 0.0, 0.0, 1.0], [0.10797618701553191, 0.3173820863445127, -0.9421304338069073, 3.48468, 0.9939596377525097, -0.05317779032970493, 0.09600188089068756, 0.590839, -0.01963113742213385, -0.9468055417472241, -0.3212069186058406, 0.190588, 0.0, 0.0, 0.0, 1.0], [-0.005316105978968533, 0.19316577492758258, -0.9811517326152196, 3.452096, 0.9992947459773438, -0.03544610411147148, -0.012392915935935722, 0.500855, -0.03717189367380713, -0.9805256534634602, -0.19284110874177715, 0.258931, 0.0, 0.0, 0.0, 1.0], [-0.06806406768812376, -0.05460700530802176, -0.99618540325636, 3.455147, 0.9968626717510188, -0.044154776413993096, -0.06568994892105595, 0.440361, -0.04039921235825239, -0.9975311677792932, 0.05744103889827265, 0.390219, 0.0, 0.0, 0.0, 1.0], [-0.20887230117166464, -0.2173373607607781, -0.9534866718632165, 3.490293, 0.9754904407098943, -0.11530970952462391, -0.18740883376448247, 0.421087, -0.06921532985451989, -0.9692616481151447, 0.23609552220710103, 0.483887, 0.0, 0.0, 0.0, 1.0], [-0.35744196407774576, -0.26490325029659, -0.8955788688320789, 3.536138, 0.9290253156519841, -0.19905318005277706, -0.31191311993663917, 0.464771, -0.09564102254772838, -0.9435062795197386, 0.3172517853580118, 0.520655, 0.0, 0.0, 0.0, 1.0], [-0.5231980924749046, -0.18976420778986275, -0.8308148418706223, 3.613764, 0.851556291720216, -0.1546219699833773, -0.5009430391074161, 0.571597, -0.033401168577398666, -0.9695780483490462, 0.24249282483677492, 0.48598, 0.0, 0.0, 0.0, 1.0], [-0.5620722426510569, 0.0050690883366101835, -0.827072607686077, 3.679563, 0.8264683077978427, -0.03526452677140535, -0.5618776996441126, 0.666706, -0.03201453180950903, -0.9993651572348443, 0.015631770788796073, 0.406409, 0.0, 0.0, 0.0, 1.0], [-0.4942511689641865, 0.15928123563467356, -0.8546024046024132, 3.901838, 0.8681601931551803, 0.03969292492166496, -0.4946941992098989, 0.659707, -0.04487383422770008, -0.9864349748898072, -0.15789990283673452, 0.308272, 0.0, 0.0, 0.0, 1.0], [-0.5165266659631693, 0.27762264959647576, -0.8100159676080498, 4.092917, 0.8542500140356195, 0.10211714720281749, -0.509734246217872, 0.653191, -0.05879725222420418, -0.955247482424419, -0.28990538189673665, 0.235172, 0.0, 0.0, 0.0, 1.0], [-0.536953882120323, 0.2975766249357771, -0.789385001610587, 4.363277, 0.8422136762828635, 0.13524617503458564, -0.521904776391842, 0.788929, -0.04854535979904373, -0.945069639989745, -0.3232440619897531, 0.189265, 0.0, 0.0, 0.0, 1.0], [-0.4807902556526481, 0.27973439908128234, -0.8310170852877186, 4.575026, 0.874927711216918, 0.09056410662139933, -0.4757096201850381, 0.772802, -0.057812024823445274, -0.9557964263181264, -0.2882897175122826, 0.196454, 0.0, 0.0, 0.0, 1.0], [-0.5148210975532695, 0.30632596537482193, -0.8007019673082051, 4.918823, 0.8549840794827334, 0.11488707791677363, -0.505769891510762, 0.749877, -0.06294014096830147, -0.9449684451159881, -0.32105011507545334, 0.177333, 0.0, 0.0, 0.0, 1.0], [-0.7547608173488721, 0.26438876465529865, -0.6003621321493449, 5.155921, 0.6555780827876863, 0.27117524805220106, -0.7047562431169013, 0.850626, -0.02352628239403992, -0.925506653659428, -0.3779999313079879, 0.160017, 0.0, 0.0, 0.0, 1.0], [-0.9316017956099187, 0.1547457245662366, -0.3288948998462058, 5.281908, 0.363309997953001, 0.42414179414504183, -0.8295237090323672, 0.994895, 0.011132825506837918, -0.8922765822254305, -0.45135192589412854, 0.11678, 0.0, 0.0, 0.0, 1.0], [-0.9388543659705099, 0.18485511698490598, -0.2904841910028988, 5.422968, 0.3422780204549656, 0.40944712669389277, -0.8456942752292611, 1.020399, -0.03739299682483346, -0.8934101164451922, -0.44768306604320646, 0.108911, 0.0, 0.0, 0.0, 1.0], [-0.9575524316536403, 0.12372220597701622, -0.2603577469221556, 5.478504, 0.28602235507194984, 0.29549681188664656, -0.9115222688250262, 1.042074, -0.03584066173071972, -0.9472985009557486, -0.31834100749619987, 0.180296, 0.0, 0.0, 0.0, 1.0], [-0.9751129240106162, 0.05618319588693943, -0.21447198867776618, 5.41188, 0.21636896994646893, 0.030122154180615094, -0.9758468756274333, 1.101027, -0.0483658378586591, -0.9979659835522697, -0.041528802062915926, 0.332763, 0.0, 0.0, 0.0, 1.0], [-0.9929376014995129, 0.02587806780098327, -0.11578102234512641, 5.338026, 0.10766798244956229, -0.21330290213626962, -0.9710352606859783, 1.17091, -0.04982494439169696, -0.9766433317988369, 0.20901023269024804, 0.450634, 0.0, 0.0, 0.0, 1.0], [-0.9950317460873354, 0.09954824643131392, 0.001403891320176126, 5.237143, -0.041725022695851335, -0.4041753313423622, -0.9137293494330376, 1.136964, -0.09039273620938333, -0.9092482874147974, 0.40632093851269685, 0.532192, 0.0, 0.0, 0.0, 1.0], [-0.9379191676268716, 0.1684843066220677, 0.30318422356745045, 5.158656, -0.3450025969880529, -0.36297196068010024, -0.8655775897234999, 0.946624, -0.035788867956613096, -0.9164411569665154, 0.39856588256931785, 0.540111, 0.0, 0.0, 0.0, 1.0], [-0.7977326253094806, 0.13921993802142166, 0.5867200928672511, 5.096038, -0.6021619128926027, -0.13229120967330077, -0.7873373270109177, 0.801648, -0.031995143043371754, -0.9813851663340377, 0.18936595818981794, 0.485774, 0.0, 0.0, 0.0, 1.0], [-0.7167951220730755, -0.04442940251001809, 0.6958669277705671, 5.004078, -0.697195955957935, 0.06151094653956189, -0.714236797184035, 0.702684, -0.011070319243188853, -0.9971170601531246, -0.07506674618926758, 0.375126, 0.0, 0.0, 0.0, 1.0], [-0.7106879211080873, -0.14374568855742614, 0.6886652712401117, 4.992305, -0.7034850854634669, 0.15300705280681987, -0.6940443619264045, 0.69714, -0.005604758828348211, -0.9777146919283368, -0.20986321227398003, 0.268092, 0.0, 0.0, 0.0, 1.0], [-0.6848956332455735, -0.24042397086321737, 0.6878330362780694, 4.99542, -0.7283877219632815, 0.2508078204801484, -0.6376101972829002, 0.722876, -0.01921712918951113, -0.9377055782175772, -0.34689904947311867, 0.1704, 0.0, 0.0, 0.0, 1.0], [-0.5388830815839392, -0.41027297071061963, 0.7357180940325452, 4.966883, -0.8421967538352935, 0.2441558104153741, -0.4807208837461779, 0.699947, 0.01759693757140829, -0.8786717417469936, -0.47710199962210703, 0.078572, 0.0, 0.0, 0.0, 1.0], [-0.3521290030022962, -0.5504337055292893, 0.7569860639813026, 4.878017, -0.9274911748170317, 0.09671479338950204, -0.3611182207756187, 0.569181, 0.12555988961898368, -0.8292580928498208, -0.544578487972071, 0.014028, 0.0, 0.0, 0.0, 1.0], [-0.20158019154709253, -0.5863708303984012, 0.7845601797400421, 4.854176, -0.9627226800958568, -0.02888403213716375, -0.2689437746380271, 0.45865, 0.18036204591013077, -0.809527616542752, -0.55869004864032, 0.016954, 0.0, 0.0, 0.0, 1.0], [-0.08919787719311964, -0.5982515943540208, 0.7963283045058198, 4.889614, -0.971444996926988, -0.12423003553149689, -0.20214231674087396, 0.471862, 0.21985985684013792, -0.7916198128677148, -0.5700874627857718, 0.052299, 0.0, 0.0, 0.0, 1.0], [-0.3737990128703413, -0.5139716803590471, 0.7720799244677043, 5.060582, -0.9200322220765056, 0.09998016614894406, -0.3788729031189709, 0.752237, 0.1175372635300227, -0.8519607257178744, -0.5102429945782175, 0.047412, 0.0, 0.0, 0.0, 1.0], [-0.6350139177186823, -0.36567495007683504, 0.6804698047598254, 5.319625, -0.7704423581266877, 0.36405308985053614, -0.523339202214459, 1.008385, -0.05635509832978258, -0.8565904381071399, -0.5129102496886359, 0.031266, 0.0, 0.0, 0.0, 1.0], [-0.8955501815999706, -0.16669309657808587, 0.412557006714792, 5.589856, -0.42887892921240134, 0.5703835911277017, -0.700517967685263, 1.009789, -0.1185442377928344, -0.804286000453493, -0.5822982853835653, -0.002822, 0.0, 0.0, 0.0, 1.0], [-0.98126656432456, 0.17548653540241355, -0.07950097880612333, 5.717821, 0.16410426180483317, 0.5451841862784305, -0.8220973143669893, 0.893644, -0.10092433302313666, -0.8197430566490839, -0.5637691017424172, 0.006784, 0.0, 0.0, 0.0, 1.0], [-0.8720560475569666, 0.3106417108156386, -0.3781798215410952, 5.752901, 0.4780784802624969, 0.3754193266280773, -0.794041117262842, 0.903821, -0.104686277177206, -0.873247992666261, -0.4758978111686615, 0.057845, 0.0, 0.0, 0.0, 1.0], [-0.8638716466512545, 0.26300893104118445, -0.4295952517249509, 5.709183, 0.49276591496901184, 0.26443036093312566, -0.8290104566659758, 0.961731, -0.10443912656089677, -0.9278485255737333, -0.35803572787341587, 0.117549, 0.0, 0.0, 0.0, 1.0], [-0.85997885958422, 0.15162597042312648, -0.4872842354945104, 5.63158, 0.5066819091494328, 0.13972421678269017, -0.8507353208755057, 1.028984, -0.06090816044595601, -0.9785124977933133, -0.1969860087757013, 0.249852, 0.0, 0.0, 0.0, 1.0], [-0.8629847616690516, 0.04555608724873966, -0.5031718831985703, 5.579163, 0.505058844654046, 0.051870748584473006, -0.8615248045634013, 1.09325, -0.013147796915474852, -0.9976141881287935, -0.06777217039757409, 0.385847, 0.0, 0.0, 0.0, 1.0], [-0.868758780820669, -0.03655054814457351, -0.4938848430325797, 5.568526, 0.4949819818670582, -0.09599010479813525, -0.863584817726552, 1.129017, -0.015843559383670824, -0.9947109918017264, 0.10148410917420453, 0.512318, 0.0, 0.0, 0.0, 1.0], [-0.8569849060623677, -0.09816293012800426, -0.505906028754313, 5.525817, 0.515187012941314, -0.18722700665863334, -0.836378137970054, 1.1519, -0.012617942696081769, -0.9773996557838215, 0.21102298546790055, 0.561257, 0.0, 0.0, 0.0, 1.0], [-0.8244538743179023, -0.06308504113182178, -0.5624020685484696, 5.433556, 0.5653206475690776, -0.13787619282434693, -0.8132666972674725, 1.152906, -0.026236892999741024, -0.9884383810019015, 0.1493358376547983, 0.528505, 0.0, 0.0, 0.0, 1.0], [-0.7810343808904304, 0.035374868744668, -0.6234852961605426, 5.335592, 0.6238733732556919, -8.661226639693209e-05, -0.7815254356966761, 1.140064, -0.02770036118295499, -0.9993741097104791, -0.022001791534350487, 0.415328, 0.0, 0.0, 0.0, 1.0], [-0.7785232341372488, 0.10290599927978622, -0.6191219017452927, 5.279627, 0.6271263665341633, 0.08859988375008995, -0.7738621201461726, 1.140596, -0.02478092625664835, -0.9907373092357528, -0.1335121334642038, 0.328308, 0.0, 0.0, 0.0, 1.0]], "times": [0.0, 0.616479404494382, 1.232958808988764, 1.849438213483146, 2.465917617977528, 3.08239702247191, 3.698876426966292, 4.315355831460674, 4.931835235955056, 5.548314640449438, 6.16479404494382, 6.781273449438202, 7.397752853932584, 8.014232258426967, 8.630711662921348, 9.24719106741573, 9.863670471910112, 10.480149876404495, 11.096629280898876, 11.713108685393257, 12.32958808988764, 12.94606749438202, 13.562546898876404, 14.179026303370785, 14.795505707865168, 15.41198511235955, 16.028464516853933, 16.644943921348315, 17.261423325842696, 17.877902730337077, 18.49438213483146, 19.110861539325843, 19.727340943820224, 20.34382034831461, 20.96029975280899, 21.57677915730337, 22.19325856179775, 22.809737966292136, 23.426217370786514, 24.0426967752809, 24.65917617977528, 25.275655584269664, 25.89213498876404, 26.508614393258426, 27.125093797752807, 27.741573202247192, 28.35805260674157, 28.974532011235954, 29.591011415730335, 30.20749082022472, 30.8239702247191, 31.440449629213486, 32.05692903370787, 32.67340843820225, 33.28988784269663, 33.906367247191014, 34.52284665168539, 35.139326056179776, 35.75580546067415, 36.37228486516854, 36.98876426966292, 37.60524367415731, 38.221723078651685, 38.83820248314607, 39.45468188764045, 40.07116129213483, 40.68764069662922, 41.304120101123594, 41.92059950561798, 42.537078910112356, 43.15355831460674, 43.77003771910112, 44.3865171235955, 45.00299652808989, 45.61947593258427, 46.23595533707866, 46.85243474157303, 47.46891414606741, 48.0853935505618, 48.70187295505618, 49.31835235955056, 49.934831764044944, 50.55131116853933, 51.16779057303371, 51.78426997752808, 52.40074938202247, 53.01722878651685, 53.63370819101124, 54.250187595505615, 54.866667]}, "pred": {"convention": "camera_to_world_row_major", "poses": [[0.01961153486150873, -0.5069323089529119, 0.8617627410372565, 0.3579306291555151, -0.9996412943877402, 0.0057819757402981144, 0.02615055088028441, 0.1406668147747551, -0.018239250400703448, -0.8619664743458462, -0.5066370760698551, 0.09736295223823625, 0.0, 0.0, 0.0, 1.0], [-0.010003175119580581, -0.4422456032829081, 0.8968382032810955, 0.20491770550573007, -0.9992211401832849, 0.03865777890443866, 0.007917647440477035, 0.16876529756834446, -0.03817131774438979, -0.8960604904285826, -0.4422878564855071, 0.13226271964382724, 0.0, 0.0, 0.0, 1.0], [-0.010234656935797459, -0.3161364411898896, 0.9486585277902676, 0.13539799740980846, -0.9994248019723718, 0.033908661543877804, 0.0005175662161846089, 0.17026038560141638, -0.03233136248121835, -0.9481075641635257, -0.31630164365050933, 0.17637005325260507, 0.0, 0.0, 0.0, 1.0], [-0.019158480396527764, -0.1329446908650827, 0.9909382734558613, 0.09014416511602286, -0.9979604451464403, 0.06290567043391317, -0.010854793889268162, 0.15260491214727867, -0.06089254923235243, -0.9891251618465922, -0.13387871992941222, 0.2295177670110154, 0.0, 0.0, 0.0, 1.0], [-0.03488639049052873, 0.033404969699301096, 0.9988328427509435, 0.0619448425041465, -0.9977384705899995, 0.05629203118770077, -0.036730798105835544, 0.14833449160896472, -0.05745332073319255, -0.9978553578671366, 0.03136559759636688, 0.2720615493614653, 0.0, 0.0, 0.0, 1.0], [0.0039187256284413914, 0.11407528382734472, 0.993464379436505, 0.11389675145586328, -0.9986552401903123, 0.05180419037663647, -0.002009253555805928, 0.1120185698208814, -0.05169482401439542, -0.9921205347532789, 0.11412488637886468, 0.28788518010533015, 0.0, 0.0, 0.0, 1.0], [0.021634084835346987, 0.0478568298929334, 0.9986198927549641, 0.3385799961240675, -0.9988835394930415, 0.0429920707541692, 0.019579488811560047, 0.07555439825647983, -0.04199572482039689, -0.9979285574052219, 0.04873349373831262, 0.28521524183285907, 0.0, 0.0, 0.0, 1.0], [0.016660326500995956, -0.22088928094289903, 0.9751565818295076, 0.5835828345820729, -0.997945299544925, 0.05667390220012644, 0.029887253564025617, 0.10471692268472405, -0.06186770269753087, -0.9736508585596477, -0.2194912139220847, 0.22016885861326113, 0.0, 0.0, 0.0, 1.0], [0.013216073283358594, -0.4725148189913013, 0.8812236272596113, 0.9531203517766376, -0.9983186934263384, 0.04350682277998025, 0.03830068833741699, 0.14906468139255996, -0.056436882997712164, -0.8802482048861041, -0.4711453873617923, 0.13889580162881723, 0.0, 0.0, 0.0, 1.0], [0.13623904228192024, -0.6144572906458067, 0.7770979097451747, 1.1269596462183777, -0.9893098607436612, -0.043204097031913725, 0.1392817483915775, 0.17239798678591894, -0.05200887225717182, -0.787766236882409, -0.6137747414440133, 0.08887044118895522, 0.0, 0.0, 0.0, 1.0], [0.29599976723794974, -0.5177716542375363, 0.802680915347565, 1.285701984631371, -0.9547866688603925, -0.13602524389857468, 0.2643474039759206, 0.1653530290749444, -0.027686725367126994, -0.844635807369341, -0.5346249135122555, 0.11945892743654453, 0.0, 0.0, 0.0, 1.0], [0.3612780233679544, -0.31587099124039986, 0.8773275937323247, 1.3590744661659304, -0.931541182163379, -0.08054699643719042, 0.3546028867601074, 0.18561808226027451, -0.041342662771016, -0.9453770138192245, -0.3233466962522541, 0.17266511634437087, 0.0, 0.0, 0.0, 1.0], [0.4109865404686825, -0.07196095326083632, 0.908796833598894, 1.632659102274864, -0.9088511349685688, 0.04559359476072749, 0.4146213194990568, 0.19411768241491067, -0.07127185994435814, -0.9963648153776739, -0.04666344026628859, 0.23219584264030355, 0.0, 0.0, 0.0, 1.0], [0.49944141597937436, 0.13006170575328738, 0.8565291732924589, 1.8634510310080523, -0.861129148800981, 0.1828798091450769, 0.4743538389139048, 0.2534305035166828, -0.09494662231915282, -0.9744941909029554, 0.20333767680038686, 0.30805711104744665, 0.0, 0.0, 0.0, 1.0], [0.6321877466673831, 0.25174824961003517, 0.7327765496943119, 1.994657551864991, -0.7711873006085225, 0.29585829384103135, 0.5636825501517808, 0.3531072305799692, -0.07489192442284506, -0.9214611705241613, 0.38118304116590157, 0.3988726274104151, 0.0, 0.0, 0.0, 1.0], [0.6498753087001352, 0.1582158613122915, 0.7433907615588952, 2.1137743025738973, -0.7578734270108303, 0.20871106599661196, 0.6181161375998998, 0.4621204815567918, -0.057358101195595146, -0.9650945198061005, 0.255543765463899, 0.38222893680045267, 0.0, 0.0, 0.0, 1.0], [0.48638356911838093, -0.06320799420766769, 0.8714561223377277, 2.3343685942743946, -0.8698655930035522, 0.05885757871976456, 0.4897648778095725, 0.7404538877484617, -0.0822488528810201, -0.996263285931731, -0.026355100156632727, 0.320217259827279, 0.0, 0.0, 0.0, 1.0], [0.37776634986222063, -0.28873284148717104, 0.8797306014675847, 2.3477453019042533, -0.9229397251169228, -0.041497026355690685, 0.38270126809919797, 0.7854962198563186, -0.07399222062401709, -0.9565099806329148, -0.2821591895309231, 0.22969378253700165, 0.0, 0.0, 0.0, 1.0], [0.31021671344624835, -0.4048651419337831, 0.8601452246833358, 2.294288901729101, -0.9491688414982842, -0.08114947617858437, 0.30412706693871666, 0.7259820697190578, -0.05333011370148518, -0.9107683456087389, -0.40945930153033216, 0.19578186181465992, 0.0, 0.0, 0.0, 1.0], [0.18400590353257418, -0.4068764504923335, 0.8947588398557014, 2.2352122626492523, -0.9822134265170835, -0.04147819240620501, 0.1831293103910014, 0.5896369468405951, -0.03739802447631192, -0.9125410202229123, -0.4072717448777849, 0.18561005482811638, 0.0, 0.0, 0.0, 1.0], [-0.1109472125802271, -0.10255523637202507, 0.9885206823902856, 2.239297511226594, -0.9934393902690892, 0.03919667919312262, -0.10743276130683631, 0.6103964808149481, -0.027728935833496796, -0.9939547493889795, -0.1062311737892051, 0.24211474103041516, 0.0, 0.0, 0.0, 1.0], [-0.280384480777028, 0.17916671852329286, 0.9430184674294514, 2.2896885587151594, -0.9594916172862217, -0.02409080377838142, -0.2807053072722036, 0.6586425099174712, -0.027574975917800563, -0.9835237262755312, 0.17866365202868223, 0.3490640519913084, 0.0, 0.0, 0.0, 1.0], [-0.404933663291769, 0.3535166380371721, 0.8432406032467857, 2.2248337196697956, -0.914343054193706, -0.15419325528152053, -0.3744345326935186, 0.7437775267209016, -0.0023468235626574003, -0.9226323355793371, 0.38567352224722795, 0.4101743969627258, 0.0, 0.0, 0.0, 1.0], [-0.5222278745460845, 0.29036380185578947, 0.8018521744180349, 2.219268427802482, -0.8520325644120115, -0.13761184080262834, -0.505077707340567, 0.714598711151731, -0.036311929562756994, -0.9469698220338194, 0.3192641538423402, 0.3967311494569626, 0.0, 0.0, 0.0, 1.0], [-0.5877591440412732, 0.13885894613451744, 0.7970303517898681, 2.1823045431570884, -0.806852940062861, -0.028285274661812857, -0.5900748057231583, 0.6631475860794103, -0.05939294324907015, -0.9899081453931554, 0.12866367776686521, 0.3558153915144764, 0.0, 0.0, 0.0, 1.0], [-0.6313970898325112, -0.02514600147047195, 0.7750518650781267, 2.2561622064568168, -0.7708214957035645, 0.12950370107227138, -0.6237491588530629, 0.5938618036813009, -0.08468728778485952, -0.9912600415726595, -0.10115133844400476, 0.30583978714906807, 0.0, 0.0, 0.0, 1.0], [-0.6529255035768513, -0.1904662425322704, 0.7330831448304849, 2.3376536661472844, -0.7535027206898061, 0.2616744529001258, -0.6031253025802186, 0.6151252340879444, -0.07695412069522796, -0.9461760360287392, -0.3143707558806418, 0.23784289126115737, 0.0, 0.0, 0.0, 1.0], [-0.652342853599705, -0.2983939009670543, 0.6967136292789582, 2.360579412698753, -0.7529871363024712, 0.3599024519900339, -0.5508907311024256, 0.6573130810168291, -0.0863665092521272, -0.8839860320826483, -0.45946656152801485, 0.18593924283076002, 0.0, 0.0, 0.0, 1.0], [-0.5775941122314664, -0.39941120440180305, 0.7119380108646013, 2.4256570878976005, -0.8127248484517213, 0.36316628529644435, -0.4556188867168568, 0.7459309490863645, -0.07657259447524845, -0.8417724983760649, -0.534374118715574, 0.15408134272548812, 0.0, 0.0, 0.0, 1.0], [-0.3176321292365965, -0.4425135967985489, 0.8386247952004744, 2.4539538760713144, -0.9460857292447841, 0.20712382755743539, -0.24904118731110161, 0.7254445666433519, -0.06349506591847595, -0.8725144335232334, -0.4844449812905891, 0.1553981752286853, 0.0, 0.0, 0.0, 1.0], [0.027395677454971516, -0.3482662399861494, 0.9369952523586728, 2.3673999752155415, -0.9976155600306634, 0.0498737640800737, 0.04770536700614356, 0.755185526769757, -0.06334564895467454, -0.9360679642752414, -0.34606949448935276, 0.18501453390689737, 0.0, 0.0, 0.0, 1.0], [0.24095793872678695, -0.2036953406719068, 0.9489191113857355, 2.667680890859638, -0.9674762906453086, 0.02715723654451276, 0.2514997247363494, 0.8043904937803018, -0.07699934287857275, -0.9786575972687387, -0.19052666087570716, 0.2284514250647961, 0.0, 0.0, 0.0, 1.0], [0.32328638922363717, 0.11786436658596741, 0.9389323200486984, 2.8493674598073486, -0.9431779771517682, 0.12067971163145849, 0.3095992742505162, 0.8792696630792317, -0.07681935926992094, -0.985669517784656, 0.15018118308071124, 0.3556780470528835, 0.0, 0.0, 0.0, 1.0], [0.48704208471510757, 0.24949839387404987, 0.8369830100848114, 2.9247027604963924, -0.8659825972029709, 0.2624073929132247, 0.42569531532080723, 0.94427401632635, -0.11342023213676997, -0.9321442547153062, 0.3438647108141329, 0.4100261338713032, 0.0, 0.0, 0.0, 1.0], [0.8277087080924107, 0.1093280509433782, 0.5504050070856136, 3.0092615357468144, -0.5444495244464974, 0.3940216683168838, 0.7404874342126018, 0.9162214948489406, -0.13591545121131282, -0.9125756418915099, 0.385658771387769, 0.424949564203978, 0.0, 0.0, 0.0, 1.0], [0.9726038048930992, -0.022359026164010566, 0.2313912544943372, 3.299547319938144, -0.22067471260640809, 0.22421938932624536, 0.949225124333656, 0.9757375907393289, -0.07310615516866635, -0.974282166212213, 0.21314255951661124, 0.30258721938995065, 0.0, 0.0, 0.0, 1.0], [0.9986336191636294, -0.029484226536084603, -0.043145973876134336, 3.5207051467342834, 0.04267944919986142, -0.016273398374290718, 0.9989562758806554, 1.0280270126197335, -0.030155584758841586, -0.9994327675691447, -0.014992792165965396, 0.23769813312113292, 0.0, 0.0, 0.0, 1.0], [0.9599316618196705, 0.08769908493680419, -0.2661579890541952, 3.703696008060233, 0.28005342644230624, -0.26610739742181344, 0.922364858055267, 1.189941599885959, 0.01006394425907685, -0.959945687806678, -0.28000534546203565, 0.20849984326339438, 0.0, 0.0, 0.0, 1.0], [0.9760845418129078, 0.04943736758399556, -0.21169533277861974, 3.7498902560718705, 0.2126464367127392, -0.4194727790640032, 0.882510102252488, 1.0569927685278466, -0.045171453233880846, -0.906420726986473, -0.41995357541286915, 0.18088035526253537, 0.0, 0.0, 0.0, 1.0], [0.9938133619427849, -0.09771503209334469, -0.05278990554051168, 3.670609217356156, -0.007185373100540786, -0.5308876672764052, 0.8474117388538014, 0.9529836432905782, -0.1108303750665201, -0.8417897939728266, -0.5283053763930486, 0.17695063032991598, 0.0, 0.0, 0.0, 1.0], [0.997964988131345, -0.05695908223612126, -0.02866261353790261, 3.6187699308264483, -0.012563777156357361, -0.6163452351541352, 0.7873758331358408, 0.8545547511538336, -0.06251427011146934, -0.7854134032811082, -0.6158065865016527, 0.11738320315068207, 0.0, 0.0, 0.0, 1.0], [0.899715172448918, 0.1951675234927522, -0.39041291761277513, 3.7503182448193315, 0.43485441097431105, -0.4778707726792986, 0.7632438443086685, 0.7628437599996957, -0.03760651168878555, -0.8564748463280144, -0.5148170431192085, 0.14284077203928358, 0.0, 0.0, 0.0, 1.0], [0.7268696998633435, 0.26636750029135414, -0.6330156350431705, 3.824254278725896, 0.6867276947472347, -0.2927615428883552, 0.6653538549319292, 0.7041706665307081, -0.008093990840256183, -0.9183349246294431, -0.39572143424145323, 0.18953811209414992, 0.0, 0.0, 0.0, 1.0], [0.638158153531788, 0.07326857237166945, -0.7664110433595778, 3.8777954364146088, 0.7698573194704889, -0.07184037704332183, 0.6341598125740762, 0.7285778649819045, -0.008595274202329676, -0.9947214064897221, -0.10225186909047668, 0.2617266354569333, 0.0, 0.0, 0.0, 1.0], [0.5613121517418148, -0.14856111419836926, -0.8141610796734962, 3.959986157362799, 0.8276001717027746, 0.10381857123872681, 0.5516336284740877, 0.8460134622820767, 0.0025737335744819337, -0.9834385083034364, 0.18122382923169655, 0.3078942570222196, 0.0, 0.0, 0.0, 1.0], [0.4559832822404148, -0.40991273430263664, -0.7899688579771952, 3.981828929405684, 0.8896997076626557, 0.1873455986014283, 0.4163364707417034, 0.9381434805462667, -0.022664432537416908, -0.892677532450105, 0.45012570083983006, 0.41331987731752995, 0.0, 0.0, 0.0, 1.0], [0.34587926510742717, -0.3571621199941254, -0.8676420656065773, 3.945991695595493, 0.9375405847858664, 0.09487750305190976, 0.33468778181166164, 0.8670579750371665, -0.037218084960430935, -0.9292112135870599, 0.3676701438734742, 0.3874820881357306, 0.0, 0.0, 0.0, 1.0], [0.28221800787723905, -0.09165174697957618, -0.954962278472503, 3.8608108607034857, 0.9593126551684846, 0.018142551518846518, 0.2817624486300091, 0.758866096207711, -0.008498568314440897, -0.9956258358941765, 0.09304283549326632, 0.31116274996875376, 0.0, 0.0, 0.0, 1.0], [0.21967323664330496, 0.12608469019198468, -0.9673915029613636, 3.846861876774987, 0.9754391318630404, -0.04484486019929216, 0.2156558335496265, 0.8099745276822363, -0.01619163774708654, -0.9910053427771706, -0.13283915632888504, 0.24329269860646663, 0.0, 0.0, 0.0, 1.0], [0.20147637622804315, 0.3187608706705778, -0.9261742693204942, 3.7210123057922004, 0.9793959760120224, -0.052226543987005734, 0.19507924101408458, 0.7287650164908589, 0.013812747499105488, -0.9463952110152017, -0.32271552887026916, 0.24247306981802172, 0.0, 0.0, 0.0, 1.0], [0.1053727404963051, 0.2632379939155106, -0.9589589898007295, 3.6670846312472443, 0.994252145181949, -0.046268604481471125, 0.09654992511871528, 0.6418846120477775, -0.01895408561209763, -0.9636207629553621, -0.2666003897970416, 0.21435098770302466, 0.0, 0.0, 0.0, 1.0], [-0.0008702363596726018, 0.05602393942423412, -0.9984290465025885, 3.630566612195875, 0.9995997820363614, -0.028182624021254404, -0.00245264268403416, 0.6365339296150534, -0.028275757134641553, -0.9980315916416005, -0.055976992093148624, 0.20609136041469076, 0.0, 0.0, 0.0, 1.0], [-0.03049793420490248, -0.15813039645547566, -0.9869471382632747, 3.5515508339015924, 0.9994225523708401, 0.009975113327759421, -0.03248167062596729, 0.38904472701532633, 0.014981249006304443, -0.9873678518317945, 0.1577348640829877, 0.3550334005731058, 0.0, 0.0, 0.0, 1.0], [-0.18332872687626556, -0.2663352093889152, -0.9462854400981189, 3.5779019367134124, 0.9828444746879518, -0.06942043592805287, -0.17087288155504202, 0.4283341325436733, -0.02018208307613134, -0.9613773241112576, 0.27449284910063904, 0.4504023108353299, 0.0, 0.0, 0.0, 1.0], [-0.34812674613475303, -0.2519327782792836, -0.9029604885343049, 3.6245046026525993, 0.9373689040083795, -0.10601946059200529, -0.33181231407816947, 0.5256070302639642, -0.012136985777309085, -0.9619198247277481, 0.2730621621022945, 0.42331427136763283, 0.0, 0.0, 0.0, 1.0], [-0.46946375021389375, -0.10103076025014072, -0.8771525367451122, 3.625769055172727, 0.8827945253571254, -0.03496175004249334, -0.4684565102903942, 0.645031342603927, 0.016661729639944816, -0.9942688074747416, 0.105602676330482, 0.35013895605460577, 0.0, 0.0, 0.0, 1.0], [-0.4348832187283953, 0.0650155266475337, -0.8981367197499358, 3.786055041786803, 0.9002590419949565, 0.053824897082348395, -0.4320145110530406, 0.6544739802997692, 0.020254465550928046, -0.9964315640066899, -0.0819383602254026, 0.3210992474732489, 0.0, 0.0, 0.0, 1.0], [-0.4095392990479526, 0.24016418125818947, -0.8801129067204364, 4.0415025007260255, 0.9122071430439379, 0.12099732854217296, -0.3914559677221365, 0.6106930891661084, 0.0124776085420