{"bundle_id": "spp_5748ce6f01", "scene_id": "5748ce6f01", "dataset": "scannetpp", "split": "val", "video_duration_s": 109.633333, "fps": 0.821, "num_frames": 90, "image_width": 1920, "image_height": 1440, "intrinsics_color": [[1437.57, 0, 957.251], [0, 1438.1, 720.402], [0, 0, 1]], "vsi": {"question_id": 2245, "question_type": "object_size_estimation", "question": "What is the length of the longest dimension (length, width, or height) of the table, measured in centimeters?", "ground_truth": "188", "prediction": "180", "prior_prediction": "219", "options": null, "objects": []}, "gt": {"poses": [[-0.18544511669772046, 0.5502380054917806, -0.8141549275201841, 4.160838, 0.9790032552168475, 0.0320959130639971, -0.20130195885635288, 2.978312, -0.08463294256839538, -0.8343907895446927, -0.5446368288641515, 1.446016, 0.0, 0.0, 0.0, 1.0], [-0.3474359034142773, 0.13203709029523597, -0.9283611903807012, 4.214946, 0.934432932333864, -0.03386786789926022, -0.3545251225144622, 3.058377, -0.07825207977198523, -0.9906660256162648, -0.11161289218111373, 1.637585, 0.0, 0.0, 0.0, 1.0], [-0.5749075843475318, 0.45328608906190493, -0.6811849902358743, 4.305726, 0.8181737091392621, 0.3097801804744802, -0.48438416722525157, 3.099577, -0.00854699555326588, -0.8358037815469377, -0.5489617360243346, 1.39789, 0.0, 0.0, 0.0, 1.0], [-0.7894882172440754, 0.1728418298576498, -0.5889261895044497, 4.314291, 0.6132029607219591, 0.18104280177220483, -0.7688989744357144, 3.105144, -0.0262770583322251, -0.9681679636188802, -0.24891828062132254, 1.531707, 0.0, 0.0, 0.0, 1.0], [-0.9265486346571163, 0.14063626408871382, -0.3488969315402518, 4.292368, 0.36966803561440714, 0.16864311076472477, -0.9137313853844478, 3.078651, -0.06966470454985832, -0.9755926108856947, -0.2082447755052083, 1.552044, 0.0, 0.0, 0.0, 1.0], [-0.42707882434685895, 0.6118151249801816, -0.6657972143528309, 4.341374, 0.8959946847038683, 0.18728795598701495, -0.4026372393664319, 2.958971, -0.12164375354665868, -0.7685086039776592, -0.6281698200609364, 1.391954, 0.0, 0.0, 0.0, 1.0], [0.03512004507768397, 0.5598007298912431, -0.8278826760157343, 4.220854, 0.9933108263943089, -0.11073308536422376, -0.03273814248815976, 2.717072, -0.1100008390949676, -0.8211950600307769, -0.5599450765739905, 1.433116, 0.0, 0.0, 0.0, 1.0], [0.5147620276406923, 0.4026141832844169, -0.7569160285774539, 4.052468, 0.8526077752687692, -0.33297298856198715, 0.4027269179473093, 2.364438, -0.08988902296989887, -0.8526610160587388, -0.5146738338435288, 1.435173, 0.0, 0.0, 0.0, 1.0], [0.8984361045953202, 0.10539940496756639, -0.42626697196952734, 3.754729, 0.4271791142501732, -0.4345001737049288, 0.7929234536818949, 2.062585, -0.10163941316253425, -0.8944834064882755, -0.43539506796598665, 1.474206, 0.0, 0.0, 0.0, 1.0], [0.9175460558014739, -0.031563876644591704, -0.3963747685894297, 3.673941, 0.3813342274215789, -0.2125979234520432, 0.8996590075915801, 1.571317, -0.11266517864871334, -0.9766298401313797, -0.18303199962031047, 1.624072, 0.0, 0.0, 0.0, 1.0], [0.9543513717476253, -0.016861055713966455, -0.29820993283865815, 3.527354, 0.29766807562103687, -0.02867600816536392, 0.9542386511307166, 1.106847, -0.02464094153020921, -0.9994465425203647, -0.02234798972154567, 1.705641, 0.0, 0.0, 0.0, 1.0], [0.9974506965102421, -0.07120465734044254, 0.004690927868009332, 3.454772, -0.034823174214241664, -0.42832463375441693, 0.9029536835612274, 0.867668, -0.0622852676712341, -0.9008151335830091, -0.4297122764582691, 1.438053, 0.0, 0.0, 0.0, 1.0], [0.980722048148656, -0.11820823301354619, 0.15559909358000895, 3.228741, -0.19156786905602793, -0.42452518621655444, 0.8849181418714007, 0.942791, -0.038548875735068475, -0.8976665193241948, -0.4389861094202723, 1.458914, 0.0, 0.0, 0.0, 1.0], [0.8928188798947689, -0.18623489845004304, 0.41011097315574563, 2.671531, -0.43079492481841153, -0.08726404049309006, 0.8982208637008604, 0.964672, -0.13149213076891608, -0.978622271275349, -0.15814003196448312, 1.557186, 0.0, 0.0, 0.0, 1.0], [0.7529268898514865, -0.07162506631353194, 0.6541948856527008, 2.125305, -0.6572920195822507, -0.032473871369927854, 0.752936018976205, 0.990192, -0.032684851721466956, -0.9969028526159568, -0.07152903546193107, 1.664705, 0.0, 0.0, 0.0, 1.0], [0.5533800413913077, 0.012381912210290558, 0.8328368495928666, 1.708366, -0.8328357263398476, 0.023179645066251253, 0.5530346797322759, 1.094648, -0.012457235717966364, -0.9996546365143409, 0.023139251795331495, 1.616805, 0.0, 0.0, 0.0, 1.0], [0.22303918142678913, -0.24013916256963624, 0.9447680700303234, 1.292503, -0.9747361554087637, -0.043053201982604455, 0.21917082182167336, 1.154533, -0.011956207066224633, -0.9697832770260576, -0.24367487501420973, 1.539739, 0.0, 0.0, 0.0, 1.0], [0.0739756472144601, 0.08218514163850338, 0.9938678011250093, 0.933536, -0.9972371847347243, -0.000652108173481103, 0.07428036172025332, 1.171416, 0.0067528513654115385, -0.996616865825975, 0.0819098391504186, 1.719396, 0.0, 0.0, 0.0, 1.0], [0.024484823845680043, -0.2668080232223626, 0.9634386187741394, 0.701943, -0.99965795982297, 0.0023249165182793463, 0.026049148273222744, 1.28364, -0.009190036116541012, -0.9637468928652162, -0.2666598389874606, 1.481572, 0.0, 0.0, 0.0, 1.0], [-0.20671006436998754, -0.49978476060314714, 0.8411219545089823, 0.838407, -0.9738814796775406, 0.18765020955408834, -0.12783685851659032, 1.521835, -0.0939457972941824, -0.845578258899294, -0.5255203090724456, 1.348071, 0.0, 0.0, 0.0, 1.0], [-0.48417874502382363, -0.41034415873492835, 0.7727797967463171, 1.091993, -0.8686895671119559, 0.3310657192453019, -0.3684751355674272, 1.93551, -0.10463927970890319, -0.8497135758199437, -0.5167566740829644, 1.380387, 0.0, 0.0, 0.0, 1.0], [-0.5786230672233602, -0.24557072516418377, 0.7777469800773051, 1.389703, -0.8123616077855355, 0.2583584280964918, -0.5227997138748357, 2.110656, -0.07255318237769476, -0.9343157611716968, -0.34898437522763415, 1.457683, 0.0, 0.0, 0.0, 1.0], [-0.7754161874002513, 0.0286032743693051, 0.6308023375139102, 1.35935, -0.6298766020008136, 0.03545126294605731, -0.7758857352777138, 2.283011, -0.044555612099571706, -0.9989619915947174, -0.00947294988632065, 1.658889, 0.0, 0.0, 0.0, 1.0], [-0.9627289370805371, 0.02730700882420456, 0.26908608469568657, 1.247314, -0.26487387006270746, 0.10611190879184601, -0.9584268859806442, 2.298216, -0.054725009509212, -0.9939791698429226, -0.09492409205565716, 1.563391, 0.0, 0.0, 0.0, 1.0], [-0.9405753694076433, 0.024827052498447716, 0.3386762346665544, 1.195691, -0.33958476294494, -0.06995198530595645, -0.937970633083672, 2.28893, 0.0004040288413008908, -0.9972413635705225, 0.07422600315725494, 1.61678, 0.0, 0.0, 0.0, 1.0], [-0.7457668919394067, -0.23520502898955276, 0.6233059740007796, 1.32171, -0.6649827526450327, 0.3195035372515098, -0.6750669806533334, 2.314792, -0.04036931472878963, -0.9179303263438878, -0.39468244755313253, 1.428946, 0.0, 0.0, 0.0, 1.0], [-0.3791557241143804, -0.5410543769323003, 0.7506671020323858, 1.166614, -0.919285575020525, 0.31284309576098496, -0.2388372437327687, 2.035573, -0.10561708398967767, -0.7806339466338136, -0.6159997345230224, 1.390578, 0.0, 0.0, 0.0, 1.0], [-0.09621087583960285, -0.6079639669737316, 0.7881137495512563, 1.122085, -0.9953078208645862, 0.06694478153994188, -0.06986227845095427, 1.701135, -0.010286354843467738, -0.7911372896571955, -0.6115521071976625, 1.371765, 0.0, 0.0, 0.0, 1.0], [0.35489918785916313, -0.3447782871858959, 0.869007767020564, 0.788179, -0.9349045399944287, -0.1306228887813181, 0.32998660885591924, 1.522076, -0.0002599128939973494, -0.9295512861653109, -0.3686927431259046, 1.4556, 0.0, 0.0, 0.0, 1.0], [0.5393545451390727, -0.1312519134628753, 0.8317869978847694, 0.89214, -0.841892949684129, -0.06329800151444925, 0.5359194195739068, 1.256471, -0.017689994629179473, -0.9893261839335954, -0.1446401253919843, 1.587093, 0.0, 0.0, 0.0, 1.0], [0.6580790811528656, -0.18258262474609116, 0.7304762200714192, 1.362112, -0.7528188655651338, -0.14152629240420844, 0.6428328431307349, 1.297646, -0.013988516655653205, -0.9729511260588308, -0.23058713689759003, 1.543059, 0.0, 0.0, 0.0, 1.0], [0.8483497319951031, -0.3260871401312492, 0.417097002224734, 1.526566, -0.5291228541258719, -0.4950987538354682, 0.689134405752795, 1.116914, -0.01821366150800155, -0.8053225446934846, -0.5925570534074186, 1.37441, 0.0, 0.0, 0.0, 1.0], [0.9862602835573031, -0.0932842367394459, 0.13634039846430956, 1.857283, -0.15367854669937975, -0.21528401344371378, 0.9643835843894966, 0.998697, -0.060609878417913474, -0.9720858216904029, -0.2266618580764304, 1.561725, 0.0, 0.0, 0.0, 1.0], [0.9520152190784361, -0.051228114968849325, -0.3017328336124119, 2.062746, 0.29187036765332164, -0.1446510427135554, 0.9454563788603871, 1.081375, -0.09207991707724297, -0.9881557347294097, -0.12275802536872499, 1.590435, 0.0, 0.0, 0.0, 1.0], [0.8344623726224994, 0.21878202652903098, -0.5057736386419122, 2.153228, 0.5222442391934288, -0.6068997371855688, 0.5991107273562749, 0.920791, -0.1758792293208777, -0.7640727281299461, -0.6206926476296913, 1.342032, 0.0, 0.0, 0.0, 1.0], [0.6329458749886383, 0.15339407768527902, -0.7588476634120644, 2.280035, 0.7704170487227492, -0.22152327615253153, 0.5978168692500894, 0.990746, -0.07640085321641554, -0.963014898666543, -0.25838965647655476, 1.519043, 0.0, 0.0, 0.0, 1.0], [0.27434289447000587, -0.07921183552579525, -0.9583639503687803, 2.393427, 0.9614266890811042, 0.002003967700244691, 0.2750540049444882, 0.919398, -0.019867002198756145, -0.9968557915897821, 0.0767061470649118, 1.684361, 0.0, 0.0, 0.0, 1.0], [-0.06873609144631587, 0.19289584486211098, -0.9788087365607319, 2.364719, 0.9893611178391792, -0.1129168221465302, -0.09172987400154037, 0.864954, -0.1282182835663202, -0.9747004587622092, -0.18308218768641987, 1.481579, 0.0, 0.0, 0.0, 1.0], [-0.004534014835922404, 0.39623970573066813, -0.918135904053393, 2.459842, 0.9873442735107942, -0.1437782303008791, -0.06692612387543023, 0.953634, -0.15852674309058923, -0.9068196712103356, -0.3905731117615105, 1.422723, 0.0, 0.0, 0.0, 1.0], [-0.06493096711287877, 0.2679078343920934, -0.9612540568346775, 2.893266, 0.9944989992813568, -0.061969920704391945, -0.08444802754518121, 0.92736, -0.0821931258571334, -0.9614494896765146, -0.26241030631932766, 1.557568, 0.0, 0.0, 0.0, 1.0], [-0.1895660329739449, 0.05434465194796667, -0.9803628807473159, 3.197319, 0.9808404507797592, -0.03518604498839514, -0.19160885248921528, 1.037226, -0.04490800882560331, -0.9979020999290109, -0.0466333539496199, 1.684114, 0.0, 0.0, 0.0, 1.0], [-0.1594176397125536, -0.0800788863603531, -0.9839580215170585, 3.617782, 0.9871666187303986, -0.0034552714710611443, -0.15965628068902699, 1.168972, 0.009385255077543564, -0.996782540506377, 0.07960203470252827, 1.789008, 0.0, 0.0, 0.0, 1.0], [-0.20271012217370002, 0.1298851746363166, -0.9705866513495937, 3.901598, 0.9791290940577919, 0.012048881617637563, -0.20288184152686628, 1.380061, -0.01465685975548403, -0.9914558315232496, -0.1296167836379625, 1.568097, 0.0, 0.0, 0.0, 1.0], [-0.16275876306837656, 0.5170699860122759, -0.8403262548615971, 3.939022, 0.9814120084202699, -0.002933835119449238, -0.19189023513452924, 1.381366, -0.10168605987521157, -0.8559380948273989, -0.5069811860910601, 1.401109, 0.0, 0.0, 0.0, 1.0], [-0.25259887289501504, 0.5302664586484702, -0.809327679153863, 3.970861, 0.959851782019423, 0.03188205328339257, -0.278689955385143, 1.405914, -0.12197690751247209, -0.8472313836909284, -0.5170305760038265, 1.428036, 0.0, 0.0, 0.0, 1.0], [0.09337788403349848, 0.4370758949891313, -0.8945642697944495, 3.865712, 0.9950567386844975, -0.0714738342080101, 0.06894619512473188, 1.293943, -0.033803218367460586, -0.896580254658252, -0.4415893900275979, 1.454552, 0.0, 0.0, 0.0, 1.0], [0.5788229915797868, 0.4240128338125103, -0.6965465247784319, 3.558983, 0.8120494409955469, -0.3776792965918059, 0.4448978020902538, 0.885872, -0.0744288237005391, -0.823147292826869, -0.5629288449834053, 1.390097, 0.0, 0.0, 0.0, 1.0], [0.7712506940810313, 0.3696400249502744, -0.5182071196290999, 3.490632, 0.6315400081860061, -0.5461145913652838, 0.5503781165329421, 0.484893, -0.07955868865150487, -0.7517480329556506, -0.6546337220212257, 1.407161, 0.0, 0.0, 0.0, 1.0], [0.9672160714173283, 0.001019042062978981, -0.25395281598222685, 3.709757, 0.2266752255041472, -0.4543481297134881, 0.8615022455968986, 0.568153, -0.11450507995138434, -0.8908236293336234, -0.4396838046667148, 1.46267, 0.0, 0.0, 0.0, 1.0], [0.9989565032923557, -0.045650724001719004, 0.0013841705199643048, 3.820559, -0.02410999192929453, -0.5013647556707403, 0.8649000462830304, 0.755673, -0.038789338987392064, -0.8640308982723578, -0.5019422217861169, 1.440412, 0.0, 0.0, 0.0, 1.0], [0.9495259787445296, 0.056366290388458695, -0.3085826582896183, 3.977086, 0.3087872655120589, -0.3411679135432832, 0.8878371919592626, 1.258851, -0.05523441270465945, -0.9383108738986067, -0.3413529896995257, 1.480122, 0.0, 0.0, 0.0, 1.0], [0.9273352153126029, 0.011261700893046761, -0.37406225756433154, 3.942717, 0.37391397472702814, -0.06906488954708095, 0.9248883070596606, 1.567055, -0.015418753028830029, -0.9975486028885235, -0.06825721156178949, 1.58925, 0.0, 0.0, 0.0, 1.0], [0.8048955818144303, 0.06074412717061922, -0.5902992913682763, 4.021349, 0.5930203028548087, -0.1186791538665431, 0.7963932312868512, 1.496732, -0.021680008708498122, -0.9910728577918987, -0.1315468272920271, 1.544673, 0.0, 0.0, 0.0, 1.0], [0.9082241886580275, 0.20993884050615624, -0.3620145112884266, 4.059132, 0.41596543021433136, -0.5476460645172684, 0.7259866037919392, 1.549507, -0.045843036582167096, -0.8099441161374522, -0.5847127027277991, 1.379783, 0.0, 0.0, 0.0, 1.0], [0.9134631411251951, 0.2511410884835275, -0.3201768940460904, 3.845218, 0.40481407730375235, -0.48087126406125125, 0.7777457105100911, 1.255324, 0.041360036537749945, -0.8400541536564436, -0.5409236233537528, 1.40987, 0.0, 0.0, 0.0, 1.0], [0.8853498250188636, 0.19187078285124132, -0.42348706004684483, 3.282737, 0.46386392201487053, -0.4260598853533679, 0.7767259722358056, 1.022601, -0.031399827898418, -0.8841145722024534, -0.4662139787986017, 1.476067, 0.0, 0.0, 0.0, 1.0], [0.9867893423543743, -0.09769087685155457, 0.1292411946547835, 2.905259, -0.1596879336607519, -0.4519669492398201, 0.8776250000074116, 0.826013, -0.027323207333337374, -0.8866692559093409, -0.46159622286820684, 1.43261, 0.0, 0.0, 0.0, 1.0], [0.6878532989188406, -0.12707017129201692, 0.7146404765574688, 2.355656, -0.7255608399707948, -0.0925950520623045, 0.681900010144049, 0.909934, -0.020476978960363434, -0.9875623159585408, -0.15588895224248644, 1.496718, 0.0, 0.0, 0.0, 1.0], [0.390282508883283, -0.019707307359652093, 0.9204842124101871, 1.659363, -0.920423254176982, -0.03264710600543663, 0.38955769744637875, 1.053551, 0.02237401238099207, -0.9992726297192882, -0.030880658410617268, 1.529005, 0.0, 0.0, 0.0, 1.0], [0.16346825853140382, -0.3509070842155829, 0.9220316408345368, 1.21883, -0.9865373711202153, -0.053685680020455234, 0.15447285568654545, 1.161065, -0.004705723740841938, -0.9348700797480148, -0.3549588569905191, 1.454866, 0.0, 0.0, 0.0, 1.0], [-0.2100696502616866, -0.43674712435871405, 0.8747129194217533, 1.158181, -0.9776743138491557, 0.08938722157372173, -0.19016535083687908, 1.472212, 0.004866012588923663, -0.8951323220528487, -0.4457739875068533, 1.416455, 0.0, 0.0, 0.0, 1.0], [-0.4544820412010701, -0.40714800052797595, 0.7922604242872292, 1.306497, -0.8907517803966867, 0.20502916550809835, -0.4056159600055034, 1.914099, 0.0027092334417736508, -0.8900525529187164, -0.4558498800011182, 1.382883, 0.0, 0.0, 0.0, 1.0], [-0.8038276247098579, -0.1907666994195324, 0.563444066563741, 1.636929, -0.5927701452738423, 0.33624308430358063, -0.7318224806126434, 2.421022, -0.0498468115864556, -0.9222519474908106, -0.38336228390919147, 1.423795, 0.0, 0.0, 0.0, 1.0], [-0.8617340085383552, -0.2497038558188483, 0.4416587856225865, 1.653674, -0.5035982223482471, 0.5267807810493464, -0.6847560435401252, 2.597455, -0.0616711356803436, -0.8124961495947167, -0.579695331978494, 1.344045, 0.0, 0.0, 0.0, 1.0], [-0.9740519768595671, -0.03190492493460535, 0.22406432589969924, 1.681113, -0.21674376874742013, 0.4164980188998014, -0.8829221590614348, 2.909911, -0.06515278263538946, -0.9085766208842586, -0.41260591233937494, 1.440969, 0.0, 0.0, 0.0, 1.0], [-0.9671239744386815, -0.01691712937368542, 0.2537420516975512, 1.597473, -0.2539539162619031, 0.11668596752796023, -0.9601519637001771, 2.984105, -0.013365121816544479, -0.9930247709477432, -0.11714596793322052, 1.589313, 0.0, 0.0, 0.0, 1.0], [-0.969864455990619, 0.007319880764272674, 0.2435351234455051, 1.620664, -0.24191405574836478, -0.14786918761965065, -0.9589641771119929, 3.257753, 0.028991837427069525, -0.9889798393790955, 0.14518385125178687, 1.687377, 0.0, 0.0, 0.0, 1.0], [-0.9956595472968164, 0.06087008392189858, 0.0704052466797732, 1.460465, -0.0643297201660123, 0.09658396321818773, -0.9932437893852799, 3.241012, -0.06725885057047319, -0.9934618115118512, -0.09224898962877572, 1.567819, 0.0, 0.0, 0.0, 1.0], [-0.979038933456769, 0.10139700547915291, 0.17663922003817, 1.493644, -0.16104474777167338, 0.1455496430689849, -0.9761556692544737, 3.248399, -0.12468903717244155, -0.9841412239523106, -0.12616931214307922, 1.531618, 0.0, 0.0, 0.0, 1.0], [-0.9868884611965996, -0.007717104012773812, 0.16121914111749733, 1.243174, -0.16113592219426764, 0.10462412683698044, -0.9813709831975889, 3.434931, -0.009294069916372188, -0.9944818944501982, -0.10449584620995298, 1.570319, 0.0, 0.0, 0.0, 1.0], [-0.9462429864172155, 0.11982758183687336, 0.3004422761319662, 1.191124, -0.3198368755934038, -0.2080499757615218, -0.92434819229351, 3.537413, -0.04825540039082449, -0.9707505128593843, 0.23519110977323016, 1.668885, 0.0, 0.0, 0.0, 1.0], [-0.9573655511988565, -0.14742478160230416, 0.24842933632568984, 1.291077, -0.28798575031711643, 0.554649116715037, -0.7806590580666548, 3.535748, -0.022702620817809688, -0.8189201982469001, -0.573458193690927, 1.331202, 0.0, 0.0, 0.0, 1.0], [-0.9971881525989282, 0.06943463017198367, -0.028189012916679523, 1.241335, 0.06484722928244252, 0.6110008627386184, -0.7889694433798147, 3.538902, -0.03755829030623199, -0.7885789610847755, -0.6137854649335782, 1.335356, 0.0, 0.0, 0.0, 1.0], [-0.9451980748643277, -0.022995157204781624, -0.32568669303165637, 1.172495, 0.3234534018080996, -0.2018458726600805, -0.924465326850531, 3.602514, -0.04448028924745262, -0.9791473160026627, 0.19822219208061695, 1.699075, 0.0, 0.0, 0.0, 1.0], [-0.9895320255751632, -0.07198303816074478, 0.12507922520651965, 1.263207, -0.13382687181852057, 0.7820641543070577, -0.6086592042574037, 3.617739, -0.054006839755569566, -0.6190267367126685, -0.7835107915622355, 1.33567, 0.0, 0.0, 0.0, 1.0], [-0.6865168512428387, -0.46542717183281357, 0.5586341921860195, 1.355686, -0.723351725309715, 0.5152212456474375, -0.459683967008815, 3.642385, -0.07387079565752985, -0.7196697963324649, -0.6903756150065788, 1.393149, 0.0, 0.0, 0.0, 1.0], [-0.40070622790812677, -0.4713077683357104, 0.7856866464577676, 1.351707, -0.9092952716575579, 0.30970505132086334, -0.2779656276008781, 3.560083, -0.1123237635447149, -0.8258037107525942, -0.5526586681220129, 1.4546, 0.0, 0.0, 0.0, 1.0], [-0.46426611081205055, -0.15094997078994327, 0.8727376952269037, 1.288204, -0.8831410193055726, 0.15368507069382104, -0.4432187259872368, 3.570956, -0.06722290064677988, -0.9765218919022504, -0.2046608811284723, 1.582246, 0.0, 0.0, 0.0, 1.0], [-0.5152730802042857, 0.12021476143671711, 0.8485529234817952, 1.186096, -0.8558755610977733, -0.020894187603676395, -0.5167595735348833, 3.600915, -0.04439230487775897, -0.9925280066865096, 0.1136550888017977, 1.620597, 0.0, 0.0, 0.0, 1.0], [-0.460510752025529, -0.43784923379445817, 0.7721514720147129, 1.292423, -0.8648624256082251, 0.41717649445243404, -0.2792431865729864, 3.553874, -0.1998570289980796, -0.7963992848703371, -0.5707936115778423, 1.402221, 0.0, 0.0, 0.0, 1.0], [-0.6542029273095128, -0.428805928152283, 0.6230120431268754, 1.290265, -0.7560242678298629, 0.3937623005624561, -0.5228561533615934, 3.447795, -0.021114837247403928, -0.8130662498451287, -0.5817881375645214, 1.382889, 0.0, 0.0, 0.0, 1.0], [-0.5908163153328774, -0.4347092200359029, 0.6796793181731065, 1.528902, -0.8065921232536193, 0.33764970328273314, -0.4851822591339263, 3.199404, -0.01858031866519333, -0.8348775789832059, -0.5501219863534274, 1.367332, 0.0, 0.0, 0.0, 1.0], [-0.32443895576903753, -0.46432795563826645, 0.8240988494059951, 1.513721, -0.9455918217195369, 0.18168372361027635, -0.2699020771914003, 2.890412, -0.02440226785822114, -0.8668278803706613, -0.498009995015645, 1.421617, 0.0, 0.0, 0.0, 1.0], [0.10524206415762236, -0.38967515602489694, 0.9149193301645864, 1.536824, -0.9890650279531954, 0.054569692437119593, 0.1370128430011699, 2.532601, -0.10331736742575254, -0.9193342272777028, -0.3796710420139013, 1.417015, 0.0, 0.0, 0.0, 1.0], [0.5701849493050567, -0.11196387961402932, 0.81385085442467, 1.523774, -0.8214670439320466, -0.06685101467829602, 0.5663239687405324, 2.254026, -0.009001073243516844, -0.9914610589923629, -0.13009207962903602, 1.583439, 0.0, 0.0, 0.0, 1.0], [0.8145216694994153, 0.04025903298189604, 0.5787345334255145, 1.386633, -0.579209230081865, 0.11271320561307063, 0.807348995830427, 2.105941, -0.032727934610336684, -0.9928116354796555, 0.11512575190787366, 1.812874, 0.0, 0.0, 0.0, 1.0], [0.9516887069782217, -0.12522489032022988, 0.2803699910019024, 1.365691, -0.3060178699531331, -0.31146514500171063, 0.8996346629151251, 1.808375, -0.02533117209028765, -0.941970376547665, -0.3347389153163739, 1.472536, 0.0, 0.0, 0.0, 1.0], [0.9993879919432946, -0.03343229590461022, 0.010291897303007905, 1.394058, -0.027008921921874745, -0.5505140119714855, 0.8343889025866038, 1.434542, -0.022229703015720942, -0.8341562229064803, -0.5510800632305866, 1.354432, 0.0, 0.0, 0.0, 1.0], [0.9758604811373458, -0.05045009120340567, -0.21248790471920162, 1.342185, 0.1959402118136238, -0.22746303633045006, 0.9538700123694868, 1.141238, -0.09645597311115925, -0.9724789742718867, -0.21208698651798252, 1.570149, 0.0, 0.0, 0.0, 1.0], [0.9382695220144994, -0.02742325159016773, -0.34481628344802057, 1.457957, 0.3440116368721276, -0.030180018073791948, 0.9384802396457932, 1.040257, -0.03614274139080653, -0.9991682199616281, -0.018883073464596, 1.650856, 0.0, 0.0, 0.0, 1.0]], "times": [0.0, 1.231835202247191, 2.463670404494382, 3.695505606741573, 4.927340808988764, 6.159176011235955, 7.391011213483146, 8.622846415730336, 9.854681617977528, 11.086516820224718, 12.31835202247191, 13.5501872247191, 14.782022426966291, 16.013857629213483, 17.245692831460673, 18.477528033707863, 19.709363235955056, 20.941198438202246, 22.173033640449436, 23.40486884269663, 24.63670404494382, 25.868539247191006, 27.1003744494382, 28.332209651685393, 29.564044853932582, 30.795880056179772, 32.027715258426966, 33.259550460674156, 34.491385662921346, 35.723220865168535, 36.955056067415725, 38.18689126966292, 39.41872647191011, 40.650561674157295, 41.88239687640449, 43.11423207865168, 44.34606728089887, 45.57790248314606, 46.80973768539326, 48.04157288764045, 49.27340808988764, 50.50524329213483, 51.73707849438201, 52.968913696629215, 54.2007488988764, 55.43258410112359, 56.664419303370785, 57.896254505617975, 59.128089707865165, 60.359924910112355, 61.591760112359545, 62.82359531460674, 64.05543051685393, 65.28726571910111, 66.51910092134831, 67.75093612359551, 68.98277132584269, 70.21460652808987, 71.44644173033707, 72.67827693258427, 73.91011213483145, 75.14194733707865, 76.37378253932584, 77.60561774157303, 78.83745294382022, 80.06928814606741, 81.30112334831459, 82.5329585505618, 83.76479375280898, 84.99662895505617, 86.22846415730336, 87.46029935955056, 88.69213456179774, 89.92396976404494, 91.15580496629212, 92.3876401685393, 93.61947537078652, 94.85131057303371, 96.0831457752809, 97.31498097752808, 98.54681617977528, 99.77865138202246, 101.01048658426966, 102.24232178651684, 103.47415698876402, 104.70599219101123, 105.93782739325843, 107.16966259550561, 108.4014977977528, 109.633333]}, "pred": {"convention": "camera_to_world_row_major", "poses": [[-0.2373649396520339, 0.447353458101351, -0.862283462063809, 4.12285958138412, 0.9696421257426008, 0.05542245369280999, -0.2381648580543282, 2.921510701919761, -0.05875400760251368, -0.8926383563075422, -0.44692810544785944, 1.508250442311034, 0.0, 0.0, 0.0, 1.0], [-0.36161416180747885, 0.1223412324555983, -0.9242660984919439, 4.193896688487763, 0.9310673687719133, -0.004144850255368753, -0.36482375885419865, 2.97241162857284, -0.048463932861669605, -0.9924794421334913, -0.11240909284383452, 1.575077725211359, 0.0, 0.0, 0.0, 1.0], [-0.5717876445345018, 0.3519072258396603, -0.7410939170979074, 4.270294076589526, 0.8186033215849307, 0.3045065459567711, -0.48699524161904845, 3.07428486089781, 0.05429080444978316, -0.8851198042476008, -0.4621855046200438, 1.496462322886816, 0.0, 0.0, 0.0, 1.0], [-0.7620012937297769, 0.16375240607832833, -0.6265294708612711, 4.219702891598993, 0.6473823569310304, 0.21625785187444982, -0.7308410397870883, 3.1269633820748397, 0.015814938778571208, -0.9625059433614979, -0.2707991815076689, 1.548715246969609, 0.0, 0.0, 0.0, 1.0], [-0.9056957904524622, 0.1226448109246921, -0.4057996864340037, 4.146579177848308, 0.42150193353281357, 0.15825589868255224, -0.8929116364793758, 3.1745904649621397, -0.04529078476675945, -0.9797516628643322, -0.1950267261935833, 1.5748058117477037, 0.0, 0.0, 0.0, 1.0], [-0.46725272953654434, 0.536931300496281, -0.702409898341432, 4.239599224856053, 0.879285881404382, 0.19921288477409682, -0.4326321362345859, 2.9473560418541154, -0.09236463340244361, -0.8197676531111451, -0.5651988759800197, 1.4684331646546163, 0.0, 0.0, 0.0, 1.0], [-0.07381266402678886, 0.5010464041543176, -0.862266891115098, 4.156374107182691, 0.99319003067333, -0.04121775434856253, -0.10897091216270242, 2.725043506436184, -0.09014018859741871, -0.8644383133633595, -0.4945919012571195, 1.479920025067506, 0.0, 0.0, 0.0, 1.0], [0.4570211446595916, 0.37260697591375597, -0.8076482618284038, 4.035838728491624, 0.8835000531180951, -0.2950752537132932, 0.3638107348421137, 2.303542213199947, -0.10275859805563498, -0.8798264807031222, -0.464053913224745, 1.5013926156568147, 0.0, 0.0, 0.0, 1.0], [0.828002567846512, 0.1610052230636516, -0.5371117814624865, 3.738663205915164, 0.5532673874112971, -0.3902884462662902, 0.7359144833050393, 2.0054629501275105, -0.09114244711801307, -0.9065055139695893, -0.41223877483331345, 1.504326827882361, 0.0, 0.0, 0.0, 1.0], [0.857646033844796, -0.023054094161603256, -0.5137234561246725, 3.7842747030667003, 0.49721833248841313, -0.21772824894006318, 0.8398620954960019, 1.5295777670813855, -0.13121436837378836, -0.97573711539322, -0.1752708509033543, 1.5766579433912633, 0.0, 0.0, 0.0, 1.0], [0.9134195679158201, -0.002778614113270638, -0.4070097938036449, 3.6377780722019635, 0.406979289453851, -0.00778197997000251, 0.9134042362193121, 1.128355880747232, -0.005705339964854731, -0.9999658594628899, -0.00597737438424383, 1.5727967235114486, 0.0, 0.0, 0.0, 1.0], [0.9967173913724654, -0.05661770635016286, -0.05786948300541887, 3.368502816122041, 0.032997273002649534, -0.36863315814648934, 0.9289891144084165, 0.7133376884528966, -0.0739298431626656, -0.9278491418558259, -0.36555484984794206, 1.5095939708060055, 0.0, 0.0, 0.0, 1.0], [0.9769033403374004, -0.09468530669069003, 0.19155823222852905, 2.9981741490497145, -0.21279646696646862, -0.34957053357967066, 0.9124243013529468, 0.8040012934971297, -0.019430061353936823, -0.9321132628332862, -0.36164532067492294, 1.4765023045077963, 0.0, 0.0, 0.0, 1.0], [0.8414286436765283, -0.1891178089740057, 0.5061939271954463, 2.3230964468840054, -0.5254605117331776, -0.06784077755626622, 0.8481090021392699, 0.9746508867334251, -0.1260519266405098, -0.979608127380246, -0.15645711412646826, 1.5495567307457976, 0.0, 0.0, 0.0, 1.0], [0.7096699024084547, -0.08430627864455868, 0.6994720015816788, 1.917954156157943, -0.7023024016807591, -0.005687904664748623, 0.7118560137653976, 1.0659926227058685, -0.056035401390652925, -0.9964236544370226, -0.0632450367171814, 1.5653818553324461, 0.0, 0.0, 0.0, 1.0], [0.5041947656598859, 0.008646593881875955, 0.863546683564597, 1.6268160179014344, -0.8635887115293207, 0.006756075110815812, 0.5041516565163942, 1.312442495286599, -0.0014749916270860534, -0.9999397941192953, 0.010873478576845282, 1.578177212426172, 0.0, 0.0, 0.0, 1.0], [0.2529927913951694, -0.1445760030683527, 0.9566046345480768, 1.1451444348887443, -0.9673002420349585, -0.056221619341250084, 0.2473244251540035, 1.338215613918604, 0.01802468477369373, -0.9878951912300349, -0.1540720671743638, 1.3021300791985841, 0.0, 0.0, 0.0, 1.0], [0.12704054535498718, 0.06236261004214763, 0.9899351517673457, 0.9663965106070083, -0.9918728766524845, 0.0009513295417046349, 0.12722928724640448, 1.269816449826044, 0.0069925958722396216, -0.9980531047198009, 0.06197663884185291, 1.6852953788780485, 0.0, 0.0, 0.0, 1.0], [0.049036234652297846, -0.263003275402793, 0.9635479878130236, 0.6766043252744867, -0.9987959512848564, -0.014310351669297406, 0.04692399740089736, 1.4466327100269718, 0.0014475455444199377, -0.964688805243693, -0.26338833240937826, 1.6520725380424026, 0.0, 0.0, 0.0, 1.0], [-0.15412286844363424, -0.4469255783557411, 0.8811944557440724, 0.8017640159077013, -0.9854617416274654, 0.13406410766109012, -0.10436460523375712, 1.6650668824336632, -0.07149333683126374, -0.8844683953926346, -0.46109040365237425, 1.4609063641098898, 0.0, 0.0, 0.0, 1.0], [-0.4071845146920505, -0.4085927331632574, 0.816855402994421, 1.1224724605801852, -0.9050197898435965, 0.3009828162044898, -0.3005803126305287, 2.0968541091743758, -0.12304450815234043, -0.8616619538750643, -0.49234005144590387, 1.4982815133620297, 0.0, 0.0, 0.0, 1.0], [-0.4881576445261692, -0.27661158879808656, 0.8277609214219164, 1.4646140341560443, -0.8703910421847045, 0.2240647748250115, -0.438422638976639, 2.1806176715014174, -0.06419928173496792, -0.9344950538259766, -0.35013918175419767, 1.5384288981186767, 0.0, 0.0, 0.0, 1.0], [-0.6911672908859549, -0.02223021204278041, 0.7223528180064798, 1.5216218299400515, -0.7226668497120579, 0.030050471211462256, -0.6905429700657438, 2.314334709537193, -0.0063561259128097, -0.999301149230052, -0.03683494008245998, 1.6250697113733084, 0.0, 0.0, 0.0, 1.0], [-0.9255448601806852, -0.01766224876263326, 0.3782258012903967, 1.6444820001771077, -0.37813405662678695, 0.09463472113294222, -0.9209011373513774, 2.3739022205773637, -0.019528108256708723, -0.9953553709729694, -0.09426737751299324, 1.5368190876600778, 0.0, 0.0, 0.0, 1.0], [-0.9217634512597105, 0.011861703595547108, 0.3875712062442184, 1.5905190352883496, -0.38772618131320613, -0.039880661943681055, -0.9209114730131299, 2.3846070705143543, 0.004533017324709744, -0.9991340414532704, 0.041359629630699765, 1.5865433503943496, 0.0, 0.0, 0.0, 1.0], [-0.6789438821698268, -0.23400357893272955, 0.6959005172514514, 1.435466510573093, -0.7325181326968391, 0.27983543831913127, -0.6205717627567949, 2.3701348846716144, -0.04952161280188751, -0.9310931492108689, -0.36140442354526675, 1.4915194531531801, 0.0, 0.0, 0.0, 1.0], [-0.3047937628003592, -0.4977405753680865, 0.8120068237337936, 1.2499476798382432, -0.9457552946805218, 0.25884523079414073, -0.19633152848915308, 2.037209440882977, -0.11246192574270428, -0.8278003781875037, -0.5496351964083708, 1.4579392412401069, 0.0, 0.0, 0.0, 1.0], [-0.10114169935359081, -0.5551134697603984, 0.825602442064241, 1.2136570485574638, -0.9947486444461301, 0.06949687546761474, -0.07513533571379843, 1.745908762793986, -0.015668153192198324, -0.8288662256304151, -0.5592274036425038, 1.4495494115846528, 0.0, 0.0, 0.0, 1.0], [0.3453392380446795, -0.32745808493805895, 0.8794953173698077, 0.5808684909470396, -0.9384341310495343, -0.12954493066416822, 0.32024911025718894, 1.5439951858454648, 0.009065999560195872, -0.9359430076387746, -0.3520347910421066, 1.5023588209596768, 0.0, 0.0, 0.0, 1.0], [0.5037326894429003, -0.12330995733899972, 0.8550134689042485, 0.7739102661757311, -0.8638079270050981, -0.0827236836441815, 0.49698355848809744, 1.3211506315634591, 0.009446842317797651, -0.9889142766617294, -0.1481867422707955, 1.5804773784481891, 0.0, 0.0, 0.0, 1.0], [0.6333208297064413, -0.1516633864204044, 0.7588826944129372, 1.2359812290607932, -0.7732830556776712, -0.16282677354644964, 0.6127974849966803, 1.325037258581373, 0.030627478866991346, -0.974928540476659, -0.22040031420645387, 1.5487627849885728, 0.0, 0.0, 0.0, 1.0], [0.8288743924901274, -0.337487131375549, 0.4461722510757755, 1.4734576818861411, -0.5587241202797908, -0.45920906621340024, 0.6906188463436186, 1.0076489643557116, -0.028188630539561263, -0.8217234751808666, -0.5691888363671447, 1.5228842915825396, 0.0, 0.0, 0.0, 1.0], [0.9901484299830441, -0.0817744022686572, 0.11366192737991078, 1.8867275213839645, -0.12885607257011383, -0.2145007099253242, 0.968186737155254, 0.9698227800839185, -0.05479232760084076, -0.9732946072876064, -0.2229246694759158, 1.5381864936895437, 0.0, 0.0, 0.0, 1.0], [0.929460395989782, -0.02427951317509155, -0.36812209594983325, 2.202900549506173, 0.36182774607267154, -0.1347477201990419, 0.9224552748362012, 1.0387048253543176, -0.07200037818295096, -0.9905824332891946, -0.1164576678470367, 1.5116401338391796, 0.0, 0.0, 0.0, 1.0], [0.8318835124224813, 0.20673593571218618, -0.5150049268160859, 2.3336002813522247, 0.5386632600476702, -0.5239872381912575, 0.6597569753231218, 0.8587452145247574, -0.13346053362118407, -0.8262551827963958, -0.5472573972708304, 1.3778987259415088, 0.0, 0.0, 0.0, 1.0], [0.6024817235099105, 0.15597193700131137, -0.7827442287903412, 2.491971681144709, 0.795154142193247, -0.20194651588330342, 0.5717932273781458, 0.8435061141344309, -0.06888877259357185, -0.9668972849225783, -0.2456908167186912, 1.4830749132283074, 0.0, 0.0, 0.0, 1.0], [0.3108973186414353, -0.07993853426126395, -0.9470758617986873, 2.6466742249925543, 0.9497272058555882, -0.012550257060419534, 0.31282698973307044, 0.8734229197401087, -0.03689297655791679, -0.9967207842660243, 0.07201795951579615, 1.5406439639384497, 0.0, 0.0, 0.0, 1.0], [-0.05327162266511072, 0.219398188513305, -0.9741799469788452, 2.696475449196353, 0.9887981954733315, -0.12462519120214319, -0.08213823924648063, 1.0553770989057252, -0.1394283430558825, -0.9676430109265035, -0.21030154673178625, 1.490190581732399, 0.0, 0.0, 0.0, 1.0], [0.02555465943416169, 0.37448967501780933, -0.9268788716365581, 2.7738317618401833, 0.9887991996735632, -0.14585365917638615, -0.03166785167609591, 0.9791366547802818, -0.14704795852416516, -0.9156878253039702, -0.3740223315311018, 1.444360955686055, 0.0, 0.0, 0.0, 1.0], [-0.05845917313253993, 0.25067659048215446, -0.9663041819535408, 3.2335764180558653, 0.9948832839873625, -0.06526724537937041, -0.07711963383672157, 1.0934597164000774, -0.08240009902409492, -0.9658682278990397, -0.24557848036012475, 1.5009540511533275, 0.0, 0.0, 0.0, 1.0], [-0.19849414498424853, 0.026209372293764552, -0.9797515721911031, 3.507576441205306, 0.9786280622285731, -0.049503805206870824, -0.19959080411879657, 1.0728414495100984, -0.05373258067243506, -0.9984299885690568, -0.015823011732069535, 1.5546865986512781, 0.0, 0.0, 0.0, 1.0], [-0.15024295524073497, -0.10644315399392403, -0.9829022888203873, 3.6241358549233365, 0.9884646060031159, 0.0030331987248155504, -0.1514216707892252, 1.1485253851490929, 0.019099138190903225, -0.9943141629652682, 0.10475957353408416, 1.5562244800876799, 0.0, 0.0, 0.0, 1.0], [-0.19891542247723662, 0.15445573623791825, -0.9677686088336946, 4.024949824377705, 0.9799322788821923, 0.018389028614052855, -0.19848066009408788, 1.4255420921919704, -0.012860151844195294, -0.9878285626412278, -0.15501402299376058, 1.5074804322857205, 0.0, 0.0, 0.0, 1.0], [-0.14656029641255294, 0.4685240643844131, -0.8712090912107003, 3.9861171804553743, 0.9845486060344936, -0.01623397902833167, -0.1743573923882864, 1.5119935906344606, -0.09583382425323418, -0.8833015674262205, -0.4589054577049422, 1.463588521977904, 0.0, 0.0, 0.0, 1.0], [-0.23596508840989086, 0.4526598935397628, -0.8598950504755114, 3.9544827345232685, 0.9668347630623417, 0.020366538153513223, -0.25458936556310957, 1.4975296289433295, -0.09772930975862616, -0.891450629538289, -0.442453112894339, 1.451465317853466, 0.0, 0.0, 0.0, 1.0], [0.06226527884235603, 0.3963382542351786, -0.9159907331848365, 3.8258366074768646, 0.9965711493491293, -0.07479428485726171, 0.03538020968912518, 1.4352698418272398, -0.05448834128177608, -0.9150528963849586, -0.39963635655663166, 1.4524402003541397, 0.0, 0.0, 0.0, 1.0], [0.5537095041266793, 0.3815658856811375, -0.740144080516865, 3.536231660643035, 0.828082085882577, -0.34588991275658476, 0.4411804928751975, 0.926734367950061, -0.08766894592811537, -0.8571858859883374, -0.5074904065913384, 1.4158522639952367, 0.0, 0.0, 0.0, 1.0], [0.7489605279369489, 0.35314211899222064, -0.5606681472904367, 3.423293914932401, 0.6565409069992694, -0.5098048856200487, 0.5559253691229658, 0.5240771290018755, -0.08951069784658887, -0.7844677318995431, -0.6136759833816241, 1.427111196010647, 0.0, 0.0, 0.0, 1.0], [0.9540079880272684, -0.015394923213563371, -0.2993856294470582, 3.7265548499320724, 0.26623513331659904, -0.41553754026805495, 0.8697398498492908, 0.476716235970724, -0.1377955462562398, -0.9094457372307725, -0.3923274633067653, 1.5412516329475274, 0.0, 0.0, 0.0, 1.0], [0.9982713673751441, -0.053302116154602376, 0.02476209789983251, 3.593962535688975, -0.04654724565157238, -0.4597851278556337, 0.8868094440887684, 0.6669922592226478, -0.03588357564696948, -0.8864290838054784, -0.461471394977596, 1.5215979742048287, 0.0, 0.0, 0.0, 1.0], [0.9257385236559921, 0.06879560537767332, -0.37185393705048153, 3.9455972552492353, 0.37275349570618643, -0.3317439161847632, 0.8666030264851461, 1.3104674489209982, -0.06374180149667939, -0.9408576612618491, -0.33275192559449085, 1.4966258737098113, 0.0, 0.0, 0.0, 1.0], [0.8491821833739588, 0.03321335968610955, -0.5270545438364009, 4.097088852111124, 0.528065593449106, -0.0647971735205744, 0.8467278519801906, 1.6390359590838113, -0.006028968027709237, -0.9973455765390977, -0.07256343777974665, 1.5335323350243428, 0.0, 0.0, 0.0, 1.0], [0.7398954980944049, 0.0868608278267415, -0.667090584919983, 4.044218915967108, 0.6726051509938821, -0.11398529174711493, 0.7311700651160588, 1.5223871187245246, -0.012528477805744231, -0.9896780031174677, -0.1427602444285268, 1.5194885351009768, 0.0, 0.0, 0.0, 1.0], [0.8833430852809951, 0.2279631224626571, -0.4095580648495741, 3.95785453128145, 0.46765338121654426, -0.487730798533972, 0.7371695756053336, 1.531444938621982, -0.03170660377564723, -0.8427048611219053, -0.5374413533759052, 1.4505147655614454, 0.0, 0.0, 0.0, 1.0], [0.8687540505828838, 0.2690502172687508, -0.4157864598366208, 3.8281342967613625, 0.49427309834176303, -0.41850242615331584, 0.7619382019294099, 1.3644276328821556, 0.030991996571145222, -0.8674489609720141, -0.4965599623984073, 1.4379721735885285, 0.0, 0.0, 0.0, 1.0], [0.827195938667907, 0.21049783071628128, -0.520996681673751, 3.381733835318472, 0.5607489366350834, -0.3688975072071032, 0.7412659841372786, 1.120901685228207, -0.03615949548795272, -0.9053205467899893, -0.4231869544845773, 1.4442129014411462, 0.0, 0.0, 0.0, 1.0], [0.9810474411017097, -0.11891358172888625, 0.15298849103182316, 2.8106285914156395, -0.1882932495325588, -0.39869944297310683, 0.8975435400878352, 0.6527840594402674, -0.045733690953784524, -0.909339493398006, -0.41353369301473103, 1.5187205069214744, 0.0, 0.0, 0.0, 1.0], [0.6614019546202345, -0.15868497788977454, 0.7330528850067058, 2.1074388601280725, -0.7491589661251352, -0.09263721390290401, 0.6558804693498854, 0.971057550456798, -0.036170400866614404, -0.9829737658719229, -0.1801507083214467, 1.5710060985993035, 0.0, 0.0, 0.0, 1.0], [0.3528073597939191, -0.02996909933693998, 0.9352159215711506, 1.378200827193373, -0.9354706585331383, -0.0332303201765889, 0.3518385891918879, 1.2573274590502552, 0.020533238877992